504
0
0
0
0
0
0
0
0
0
0
1624.46880043331
0
0
0
0
115.793642305407
0
0
0
0
0
0
369.486941816354
82.656893381816
213.46848051759
67.8193223443223
154.844945044635
75.5
22.9166666666667
0
24.6248408454291
0
0
0
0
0
0
0
19.7375
0
32.7395193643646
0
0
0
0
0
75
470.570631913666
57.6002715121136
0.619047619047619
135.656944444444
1
0
0
376.292592572546
0
78.8345238095238
121.277066943205
3.56291486291486
0
3.56291486291486
15.0110351636667
6.22864167995747
87.6479030128798
6.22864167995747
0.428571428571429
0
14.1370943384101
14.1370943384101
13.8561419574577
11.0404151404151
0
0
0
1.25
0
