0.0885111814466354
0.00737239613953802
0.0845431862649163
0.0845431862649163
0.00737239613953803
0.00737239613953803
0.00737239613953803
0.00737239613953803
0.00737239613953803
0.00737239613953802
0.0701289017463433
0.841950409288889
0.0936492225574739
0.0701289017463433
0.0701289017463434
0.0701289017463433
0.151469200100973
0.0619274312612802
0.0619274312612801
0.0619274312612801
0.0619274312612801
0.0619274312612802
0.0619274312612802
0.282379208007059
0.384703657904281
0.590858852536653
0.349330420753358
0.579586111066627
0.125994107022587
0.195915688290486
0.0355886340174228
0.144889211016258
0.0701289017463433
0.118404592319219
0.129640003228117
0.129640003228117
0.129640003228117
0.129640003228117
0.129640003228117
0.119324373218026
0.0492146353969911
0.446557588775931
0.118453200579489
0.147501506441171
0.0806233777327237
0.0104944759863803
0.0069862575879814
0.0838752966198452
1
0.205747860086531
0.0491807071227983
0.198737481348987
0.0264924493201789
0.0165535180564972
0.13069096040049
0.81522788257757
0.0850405282220409
0.613621789081587
0.840619146850693
0.663040498545197
0.55317762037033
0.663040498545197
0.731416493182216
0.697081109308849
0.761817867191555
0.697081109308848
0.587218231133982
0.0511106374926088
0.457538662576121
0.457538662576122
0.445284021937393
0.427959168007818
0.147501506441171
0.0908615542078266
0.0908615542078266
0.318658591008983
0.442723841945078
