0 1 76
0 2 8
0 3 8
0 4 76
0 5 76
0 6 76
0 7 76
0 8 76
0 9 76
0 11 536
2 3 1
2 11 67
3 11 67
10 11 76
11 12 62.468253968254
11 13 76
11 14 76
11 15 76
11 23 222.973703420762
11 24 64.1402512691986
11 25 88.7460012210012
11 26 45.0920634920635
11 27 22.152380952381
11 28 106.476923076923
11 29 43.3615384615385
11 31 67.6451264421852
11 32 76
11 33 54.7384615384616
11 34 66.4166666666667
11 35 66.4166666666667
11 36 66.4166666666667
11 37 66.4166666666667
11 38 66.4166666666667
11 43 46.6657051282051
11 44 73.5
11 48 242.806715545377
11 49 82.377555631503
11 51 131.78952020202
11 55 129.643342441872
11 58 115.135927999589
11 64 123.704975618637
11 68 42.7936202686203
11 69 42.7936202686203
11 70 43.1686202686203
11 71 44.0142551892552
11 72 46.6657051282051
12 23 13.531746031746
16 17 19.8261904761905
16 18 19.8261904761905
16 19 19.8261904761905
16 20 19.8261904761905
16 21 19.8261904761905
16 22 19.8261904761905
16 23 20.9531661149308
16 26 38.1595238095238
16 55 129.517451829217
17 18 1
17 19 1
17 20 1
17 21 1
17 22 1
17 23 51.1738095238095
18 19 1
18 20 1
18 21 1
18 22 1
18 23 51.1738095238095
19 20 1
19 21 1
19 22 1
19 23 51.1738095238095
20 21 1
20 22 1
20 23 51.1738095238095
21 22 1
21 23 51.1738095238095
22 23 51.1738095238095
23 24 33.7031661149308
23 25 68.7336908189849
23 27 54.4898820134114
23 29 32.2935897435897
23 30 50.3751591545709
23 31 10.8769230769231
24 25 9.58953634085213
24 26 10.7797619047619
24 27 13.333651436283
24 41 17.3593996474801
24 42 25.0714285714286
24 50 44.8441729323308
24 68 7.86334586466165
24 69 7.86334586466165
24 70 6.76572681704261
25 26 15.8185286935287
25 27 15.0229853479853
25 39 46.1775793650794
25 40 76
25 41 14.0091490209137
25 42 38.3738095238095
25 48 53.4822948078753
25 55 24.95951532128
25 68 6.9
25 69 6.9
25 70 8.00833333333333
25 71 8.10674603174603
25 75 22.1087912087912
26 27 13.518253968254
26 43 11.7310897435897
26 49 8.82142857142857
26 51 17.4
26 54 20.5
26 55 18.0869047619048
26 72 11.7310897435897
27 28 42.0230769230769
27 29 18.2615384615385
27 31 21.1027913263207
27 33 21.2615384615385
27 43 17.6032051282051
27 48 60.6366056114508
27 58 32.3396275894728
27 68 8.7301282051282
27 69 8.7301282051282
27 70 9.1051282051282
27 71 9.77576312576313
27 72 17.6032051282051
28 44 2.5
28 45 76
29 34 5.58333333333333
29 35 5.58333333333333
29 36 5.58333333333333
29 37 5.58333333333333
29 38 5.58333333333333
30 31 25.6248408454291
34 35 1
34 36 1
34 37 1
34 38 1
35 36 1
35 37 1
35 38 1
36 37 1
36 38 1
37 38 1
39 52 21.7375
39 55 47.5599206349206
41 42 12.5547619047619
41 55 24.4660866910867
41 57 17.7667876241406
41 62 15.7485253910177
41 68 8.49050671550672
41 69 8.49050671550672
41 70 8.19884004884005
41 71 8.9528083028083
41 75 5.44166666666667
46 47 76
47 48 150
48 55 51.24332421964
48 57 34.9015469824293
48 58 7.35833333333333
48 59 19.8309523809524
48 60 28.1150793650794
48 61 19.8309523809524
48 62 17.346606824548
48 63 19.6880952380952
48 64 8.64285714285714
48 65 19.6880952380952
48 66 27.9722222222222
48 68 18.5621553884712
48 69 18.5621553884712
48 71 16.1611111111111
48 73 75
48 74 75
48 75 23.0582417582418
48 76 29.2539188881294
49 50 32.3939223057644
49 51 7.33333333333333
49 54 9.89444444444445
49 55 28.9489063568011
49 56 21.4309523809524
51 52 56.2625
51 53 76
51 54 10.3944444444444
51 55 48.1340909090909
54 55 35.2111111111111
55 56 54.5690476190476
55 57 49.6588999236058
55 58 16.4595940609099
55 59 29.8176767676768
55 61 29.8176767676768
55 62 29.7961868798556
55 63 31.7214988228146
55 64 17.252451203767
55 65 31.7214988228146
57 58 21.9770817417876
57 59 3.1
57 61 3.1
57 62 2.83333333333333
57 63 3.43333333333333
57 64 17.4647313470843
57 65 3.43333333333333
57 67 76
58 59 11.3198412698413
58 60 17.4011544011544
58 61 11.3198412698413
58 62 10.7385408708938
58 63 11.1769841269841
58 64 1.83333333333333
58 65 11.1769841269841
58 66 17.2582972582973
58 70 14.6562030075188
58 76 18.4023894964684
59 60 2.78145743145743
59 61 1
59 62 1.74285714285714
59 63 1.14285714285714
59 64 8.32301587301587
59 65 1.14285714285714
59 66 2.92431457431457
60 61 2.78145743145743
60 62 4.57193362193362
60 63 2.92431457431457
60 64 13.3574314574315
60 65 2.92431457431457
60 66 1.14285714285714
61 62 1.74285714285714
61 63 1.14285714285714
61 64 8.32301587301587
61 65 1.14285714285714
61 66 2.92431457431457
62 63 1.6
62 64 8.55379424497072
62 65 1.6
62 66 4.42907647907648
62 76 5.31835839598997
63 64 8.18015873015873
63 65 1
63 66 2.78145743145743
63 76 3.66572681704261
64 65 8.18015873015873
64 66 13.2145743145743
64 76 14.2653081567555
65 66 2.78145743145743
65 76 3.66572681704261
66 76 1.42857142857143
68 69 1
68 70 1.875
68 71 1.26785714285714
68 75 6.79157509157509
69 70 1.875
69 71 1.26785714285714
69 75 6.79157509157509
70 71 2.14285714285714
70 75 7.91657509157509
71 75 6.39157509157509
73 74 1
