DataAll
77
254
0 1
0 2
0 3
0 4
0 5
0 6
0 7
0 8
0 9
0 11
2 3
2 11
3 11
10 11
11 12
11 13
11 14
11 15
11 23
11 24
11 25
11 26
11 27
11 28
11 29
11 31
11 32
11 33
11 34
11 35
11 36
11 37
11 38
11 43
11 44
11 48
11 49
11 51
11 55
11 58
11 64
11 68
11 69
11 70
11 71
11 72
12 23
16 17
16 18
16 19
16 20
16 21
16 22
16 23
16 26
16 55
17 18
17 19
17 20
17 21
17 22
17 23
18 19
18 20
18 21
18 22
18 23
19 20
19 21
19 22
19 23
20 21
20 22
20 23
21 22
21 23
22 23
23 24
23 25
23 27
23 29
23 30
23 31
24 25
24 26
24 27
24 41
24 42
24 50
24 68
24 69
24 70
25 26
25 27
25 39
25 40
25 41
25 42
25 48
25 55
25 68
25 69
25 70
25 71
25 75
26 27
26 43
26 49
26 51
26 54
26 55
26 72
27 28
27 29
27 31
27 33
27 43
27 48
27 58
27 68
27 69
27 70
27 71
27 72
28 44
28 45
29 34
29 35
29 36
29 37
29 38
30 31
34 35
34 36
34 37
34 38
35 36
35 37
35 38
36 37
36 38
37 38
39 52
39 55
41 42
41 55
41 57
41 62
41 68
41 69
41 70
41 71
41 75
46 47
47 48
48 55
48 57
48 58
48 59
48 60
48 61
48 62
48 63
48 64
48 65
48 66
48 68
48 69
48 71
48 73
48 74
48 75
48 76
49 50
49 51
49 54
49 55
49 56
51 52
51 53
51 54
51 55
54 55
55 56
55 57
55 58
55 59
55 61
55 62
55 63
55 64
55 65
57 58
57 59
57 61
57 62
57 63
57 64
57 65
57 67
58 59
58 60
58 61
58 62
58 63
58 64
58 65
58 66
58 70
58 76
59 60
59 61
59 62
59 63
59 64
59 65
59 66
60 61
60 62
60 63
60 64
60 65
60 66
61 62
61 63
61 64
61 65
61 66
62 63
62 64
62 65
62 66
62 76
63 64
63 65
63 66
63 76
64 65
64 66
64 76
65 66
65 76
66 76
68 69
68 70
68 71
68 75
69 70
69 71
69 75
70 71
70 75
71 75
73 74
56
88.852768
61.873913
32.079556
25.444469
21.980185
12.273075
10.252550
9.214279
7.651475
6.779071
6.566203
5.856858
5.187155
4.655120
3.391428
2.696484
2.525211
2.340893
2.070993
2.000003
2.000003
2.000003
2.000002
2.000002
2.000002
2.000001
2.000001
2.000001
2.000000
2.000000
1.711305
1.500239
1.409932
1.239086
1.028009
0.901834
0.799206
0.500004
0.500003
0.500001
0.500001
0.500001
0.500001
0.500001
0.500000
0.500000
0.500000
0.500000
0.500000
0.499999
0.499998
0.499996
0.481293
0.148449
0.052694
0.026214
-1.299636 0.739643 -0.082686 -0.744926 0.096700 -0.088266 -0.147612 -0.000562 0.056542 -0.024861 -0.094557 0.014582 -0.053394 0.117572 0.054414 0.018739 -0.027217 -0.020601 -0.016507 0.000000 0.000000 0.000000 -0.000000 -0.000000 0.000000 -0.000000 -0.000000 -0.000000 -0.000000 0.000000 -0.006761 -0.056717 0.139332 0.079512 -0.048433 -0.079394 -0.019613 -0.000000 0.000000 -0.000000 -0.000000 -0.000000 -0.000000 -0.000000 0.000000 -0.000000 0.000000 0.000000 -0.000000 0.000000 -0.000000 -0.000000 0.007179 0.001337 0.001657 0.001896
-1.901332 1.099550 -0.132568 -1.055224 0.177972 -0.026796 -0.064303 -0.009328 0.021176 0.013668 0.004628 -0.014016 -0.031832 0.080310 0.001802 -0.002124 0.006189 0.005744 0.007498 0.121982 -0.102766 -0.033562 -0.012909 -0.288617 0.450677 -0.667641 -0.457822 -0.536369 -0.159137 0.657863 0.010887 -0.026143 0.071266 0.024347 -0.005813 -0.006359 -0.000713 0.000000 0.000000 -0.000000 -0.000000 0.000000 -0.000000 0.000000 0.000000 -0.000000 0.000000 -0.000000 -0.000000 0.000000 -0.000000 -0.000000 -0.000030 0.000066 -0.000112 -0.000042
-1.073678 0.551529 -0.038608 -0.300745 0.009704 -0.064368 -0.078380 0.010676 0.025450 -0.047717 -0.102566 0.042055 0.017915 -0.085370 0.047874 0.028890 -0.059317 -0.053365 -0.066609 -0.000001 0.000001 -0.000000 0.000000 0.000002 -0.000002 0.000003 0.000002 0.000003 0.000001 -0.000002 -0.101184 0.217732 -0.683111 -0.266398 0.067181 0.086773 0.005358 0.000001 -0.000002 -0.002283 -0.496568 0.015633 0.018911 -0.026160 -0.032550 -0.010642 -0.018345 -0.001739 -0.024828 0.000019 -0.000000 0.000000 -0.010043 0.003308 -0.000995 0.000945
-1.073678 0.551529 -0.038608 -0.300745 0.009704 -0.064368 -0.078380 0.010676 0.025450 -0.047717 -0.102566 0.042055 0.017915 -0.085370 0.047874 0.028890 -0.059317 -0.053365 -0.066609 -0.000001 0.000001 -0.000000 0.000000 0.000002 -0.000002 0.000003 0.000002 0.000003 0.000001 -0.000002 -0.101184 0.217732 -0.683111 -0.266398 0.067181 0.086773 0.005358 0.000001 0.000001 0.002284 0.496568 -0.015633 -0.018911 0.026160 0.032550 0.010642 0.018345 0.001739 0.024828 -0.000019 -0.000000 0.000000 -0.010043 0.003308 -0.000995 0.000945
-1.901332 1.099550 -0.132568 -1.055224 0.177972 -0.026796 -0.064303 -0.009327 0.021177 0.013668 0.004627 -0.014016 -0.031832 0.080310 0.001802 -0.002123 0.006192 0.005743 0.007499 -0.159772 -0.038275 0.305445 0.609742 -0.227120 -0.325343 0.706715 -0.344247 -0.610415 0.077971 -0.261048 0.010896 -0.026144 0.071273 0.024349 -0.005814 -0.006360 -0.000712 -0.000001 0.000000 -0.000000 -0.000000 -0.000000 -0.000000 0.000000 -0.000000 0.000000 -0.000000 0.000000 0.000000 0.000000 0.000000 0.000000 -0.000031 0.000066 -0.000112 -0.000042
-1.901332 1.099550 -0.132568 -1.055224 0.177972 -0.026796 -0.064303 -0.009327 0.021177 0.013668 0.004627 -0.014016 -0.031831 0.080309 0.001801 -0.002123 0.006193 0.005745 0.007496 0.100284 -0.024629 -0.274433 -1.090474 0.258995 -0.176634 0.334292 0.054490 -0.350602 0.307980 -0.091686 0.010894 -0.026144 0.071273 0.024348 -0.005814 -0.006360 -0.000711 -0.000000 -0.000000 0.000000 -0.000000 -0.000000 -0.000000 -0.000000 0.000000 -0.000000 -0.000000 -0.000000 0.000000 0.000000 -0.000000 0.000000 -0.000030 0.000066 -0.000112 -0.000042
-1.901332 1.099550 -0.132568 -1.055224 0.177972 -0.026795 -0.064303 -0.009327 0.021177 0.013669 0.004627 -0.014016 -0.031831 0.080309 0.001801 -0.002122 0.006192 0.005745 0.007501 -0.071000 0.094264 0.140441 0.102412 0.157814 0.936629 0.254954 0.679866 0.073495 -0.399932 -0.274597 0.010894 -0.026144 0.071274 0.024348 -0.005814 -0.006360 -0.000711 -0.000000 0.000000 0.000000 0.000000 -0.000000 -0.000000 -0.000000 0.000000 -0.000000 -0.000000 -0.000000 -0.000000 0.000000 -0.000000 0.000000 -0.000030 0.000066 -0.000112 -0.000042
-1.901332 1.099550 -0.132568 -1.055224 0.177972 -0.026796 -0.064303 -0.009327 0.021177 0.013668 0.004627 -0.014016 -0.031832 0.080309 0.001801 -0.002122 0.006191 0.005745 0.007496 0.052842 0.059227 -0.190682 -0.028899 0.193264 -0.558364 -0.119677 -0.289212 0.505171 -0.976178 -0.124832 0.010894 -0.026144 0.071274 0.024348 -0.005814 -0.006360 -0.000711 -0.000000 -0.000000 0.000000 0.000000 -0.000000 0.000000 -0.000000 -0.000000 0.000000 -0.000000 0.000000 0.000000 -0.000000 -0.000000 0.000000 -0.000030 0.000066 -0.000112 -0.000042
-1.901332 1.099550 -0.132568 -1.055224 0.177972 -0.026796 -0.064303 -0.009327 0.021177 0.013669 0.004627 -0.014016 -0.031832 0.080309 0.001800 -0.002125 0.006191 0.005744 0.007491 -0.169572 0.071716 -0.089165 0.253993 -0.302283 -0.569041 -0.564675 0.839452 0.050494 0.407883 0.016947 0.010892 -0.026145 0.071274 0.024349 -0.005814 -0.006359 -0.000712 -0.000000 0.000000 0.000000 -0.000000 -0.000000 -0.000000 0.000000 0.000000 -0.000000 0.000000 0.000000 -0.000000 0.000000 -0.000000 -0.000000 -0.000030 0.000066 -0.000112 -0.000042
-1.901332 1.099550 -0.132568 -1.055224 0.177972 -0.026796 -0.064303 -0.009327 0.021176 0.013668 0.004627 -0.014016 -0.031833 0.080309 0.001801 -0.002124 0.006190 0.005743 0.007492 0.125236 -0.059538 0.141956 0.166134 0.207948 0.242077 0.056030 -0.482528 0.868224 0.741413 0.077356 0.010892 -0.026146 0.071274 0.024349 -0.005814 -0.006359 -0.000712 -0.000000 0.000000 -0.000000 -0.000000 -0.000000 -0.000000 0.000000 0.000000 -0.000000 0.000000 0.000000 -0.000000 0.000000 -0.000000 -0.000000 -0.000030 0.000066 -0.000112 -0.000042
-0.649589 0.197804 0.044567 0.553826 -0.154165 0.003565 0.099055 0.031199 -0.061886 -0.074987 -0.055545 0.083625 0.209394 -0.632886 -0.085050 -0.020337 -0.018469 -0.022781 -0.158295 -0.428876 0.686431 -0.904212 0.206964 -0.012037 0.166805 0.108208 -0.175847 -0.029008 0.112881 0.016228 -0.001753 -0.214470 0.048336 -0.074831 -0.008560 -0.004484 -0.022819 -0.000000 0.000000 -0.000000 -0.000000 -0.000000 -0.000000 0.000000 0.000000 -0.000000 0.000000 0.000000 -0.000000 0.000000 -0.000000 0.000000 -0.013226 0.007694 -0.001501 0.002722
-0.429072 0.157572 0.017990 0.074858 -0.082177 -0.118291 -0.148011 0.019190 0.055368 -0.080545 -0.186576 0.064717 -0.004769 -0.033851 0.086539 0.038338 -0.066557 -0.053596 -0.051782 -0.000000 -0.000000 0.000000 -0.000000 0.000000 0.000000 -0.000000 -0.000000 -0.000000 -0.000000 0.000001 -0.041672 -0.023301 0.085282 0.113870 -0.088538 -0.164029 -0.034536 0.000000 0.000000 -0.000000 0.000000 0.000000 0.000000 -0.000000 -0.000000 0.000001 -0.000000 -0.000000 0.000000 0.000000 -0.000000 -0.000001 0.036024 -0.025012 0.048035 -0.012523
-0.714058 -0.504097 0.435496 0.185099 -0.486921 -0.110614 0.080277 -0.231965 -0.191517 -0.058743 -0.336091 0.111062 0.199435 -0.410356 0.391717 -0.360572 0.194104 -0.309496 0.783969 0.000001 -0.000002 -0.000001 -0.000000 0.000002 -0.000001 -0.000004 0.000000 0.000002 0.000002 -0.000002 0.189919 0.032906 -0.230219 0.447821 -0.154942 -0.032693 0.014262 -0.000001 0.000001 -0.000001 -0.000000 -0.000000 -0.000001 0.000001 0.000001 -0.000002 0.000000 0.000001 -0.000001 0.000000 0.000000 0.000002 -0.060907 0.005969 0.019639 -0.000240
-0.649589 0.197804 0.044567 0.553826 -0.154165 0.003564 0.099055 0.031199 -0.061886 -0.074987 -0.055545 0.083625 0.209394 -0.632885 -0.085050 -0.020337 -0.018470 -0.022779 -0.158298 -0.952837 -0.706738 0.299355 -0.189280 0.164015 0.007672 -0.168320 -0.071715 0.049204 -0.045867 -0.047171 -0.001753 -0.214471 0.048335 -0.074831 -0.008560 -0.004484 -0.022819 -0.000000 0.000000 0.000000 -0.000000 -0.000000 -0.000000 0.000000 0.000000 -0.000000 0.000000 0.000000 -0.000000 0.000000 -0.000000 0.000000 -0.013226 0.007694 -0.001501 0.002722
-0.649589 0.197804 0.044567 0.553826 -0.154165 0.003564 0.099055 0.031199 -0.061886 -0.074988 -0.055545 0.083625 0.209394 -0.632886 -0.085050 -0.020337 -0.018469 -0.022781 -0.158297 0.248320 0.744980 0.815761 -0.087030 0.447983 -0.149673 -0.240688 -0.000449 -0.167457 0.015082 0.031855 -0.001754 -0.214471 0.048336 -0.074831 -0.008560 -0.004484 -0.022819 -0.000000 0.000000 0.000000 -0.000000 -0.000000 -0.000000 0.000000 0.000000 -0.000000 -0.000000 0.000000 -0.000000 0.000000 -0.000000 0.000000 -0.013226 0.007694 -0.001501 0.002722
-0.649589 0.197804 0.044567 0.553826 -0.154165 0.003565 0.099055 0.031199 -0.061887 -0.074987 -0.055545 0.083625 0.209394 -0.632886 -0.085050 -0.020336 -0.018470 -0.022779 -0.158301 0.766013 -0.660488 -0.376074 0.383425 0.461634 -0.055920 0.018222 0.190978 -0.185304 0.033156 -0.007698 -0.001754 -0.214471 0.048336 -0.074831 -0.008560 -0.004484 -0.022819 -0.000000 0.000000 0.000000 -0.000000 -0.000000 -0.000000 0.000000 0.000000 -0.000000 0.000000 0.000000 -0.000000 0.000000 -0.000000 0.000000 -0.013226 0.007694 -0.001501 0.002722
0.685341 -1.621681 -0.100369 -0.612077 -0.978701 -0.486799 -0.196551 -0.291934 -0.485637 0.302097 0.186831 0.321267 -0.272082 0.189444 0.211271 -0.174331 0.087741 0.190592 0.171558 0.000000 -0.000000 -0.000000 0.000000 0.000000 -0.000000 -0.000002 -0.000001 0.000000 0.000001 -0.000001 0.130522 -0.091404 0.011442 -0.055714 0.070245 0.079577 0.004609 0.000004 -0.000002 0.000002 0.000000 -0.000000 0.000003 -0.000004 -0.000001 0.000005 -0.000001 -0.000003 0.000003 0.000001 -0.000002 -0.000006 0.209756 0.028808 -0.020075 -0.003179
-0.274763 -2.123498 0.536839 -0.539133 -0.364899 0.101037 -0.023607 0.077827 0.201251 0.002985 -0.032715 -0.190716 0.085531 -0.067267 0.026264 0.036991 -0.010115 -0.049584 -0.027327 0.000000 0.000000 0.000000 -0.000000 0.000000 -0.000000 0.000000 0.000000 0.000000 -0.000000 0.000000 -0.006202 0.006458 0.006195 -0.005491 -0.004884 0.007630 0.011248 -0.090005 -0.082756 0.030304 -0.018234 0.305952 -0.166164 0.351517 0.105505 0.313497 -0.040762 -0.102066 -0.177828 -0.001194 -0.015715 -0.048202 -0.024531 -0.002687 -0.002439 0.000821
-0.274763 -2.123498 0.536839 -0.539133 -0.364899 0.101037 -0.023608 0.077827 0.201251 0.002985 -0.032716 -0.190716 0.085531 -0.067267 0.026264 0.036991 -0.010115 -0.049584 -0.027327 -0.000000 -0.000000 0.000000 0.000000 0.000000 -0.000000 0.000000 0.000000 -0.000000 -0.000000 0.000001 -0.006202 0.006458 0.006194 -0.005491 -0.004884 0.007629 0.011249 -0.012043 -0.118168 0.208603 0.049347 0.155820 0.219320 -0.009308 -0.386634 -0.296306 0.025808 -0.032142 -0.113982 0.140060 0.056469 -0.096747 -0.024535 -0.002687 -0.002439 0.000821
-0.274763 -2.123498 0.536840 -0.539134 -0.364899 0.101038 -0.023608 0.077827 0.201250 0.002985 -0.032715 -0.190716 0.085531 -0.067267 0.026264 0.036991 -0.010115 -0.049583 -0.027327 0.000000 -0.000000 -0.000000 -0.000000 -0.000000 0.000000 -0.000000 0.000000 -0.000000 -0.000000 -0.000000 -0.006202 0.006458 0.006195 -0.005492 -0.004883 0.007630 0.011249 0.099069 -0.223648 -0.267983 -0.034476 -0.114707 -0.184214 0.067982 0.027627 -0.127826 0.074724 -0.083779 0.399291 0.060936 0.197099 -0.020420 -0.024533 -0.002687 -0.002439 0.000821
-0.274763 -2.123498 0.536840 -0.539134 -0.364899 0.101037 -0.023608 0.077827 0.201250 0.002985 -0.032716 -0.190716 0.085531 -0.067267 0.026264 0.036991 -0.010115 -0.049583 -0.027327 -0.000000 -0.000000 0.000000 -0.000000 0.000000 0.000000 0.000000 -0.000000 0.000000 0.000000 0.000001 -0.006202 0.006458 0.006195 -0.005492 -0.004884 0.007629 0.011251 0.156302 0.009153 0.235123 -0.007773 -0.100143 -0.074715 -0.176004 0.261179 -0.000276 -0.048033 0.382626 -0.134266 0.030941 0.181572 0.146095 -0.024526 -0.002687 -0.002439 0.000821
-0.274763 -2.123498 0.536840 -0.539134 -0.364899 0.101037 -0.023608 0.077827 0.201250 0.002985 -0.032716 -0.190716 0.085531 -0.067267 0.026264 0.036991 -0.010116 -0.049583 -0.027327 0.000000 -0.000000 0.000000 0.000000 -0.000000 0.000000 0.000000 0.000000 0.000000 0.000000 0.000001 -0.006203 0.006458 0.006194 -0.005491 -0.004884 0.007630 0.011251 -0.019829 0.094694 -0.404854 0.028337 -0.254363 0.167156 -0.147128 -0.107129 0.153542 -0.093501 -0.033060 -0.261332 -0.047970 -0.112776 -0.010367 -0.024536 -0.002687 -0.002439 0.000821
-0.274763 -2.123497 0.536840 -0.539134 -0.364899 0.101037 -0.023608 0.077827 0.201250 0.002985 -0.032716 -0.190717 0.085532 -0.067266 0.026264 0.036991 -0.010115 -0.049583 -0.027327 -0.000000 -0.000000 0.000000 0.000000 0.000000 -0.000000 0.000000 -0.000000 0.000000 -0.000000 0.000001 -0.006203 0.006458 0.006194 -0.005491 -0.004883 0.007629 0.011251 -0.133497 0.320725 0.198806 -0.017202 0.007441 0.038615 -0.087057 0.099454 -0.042635 0.081765 -0.131577 0.288116 -0.182772 -0.306648 0.029645 -0.024535 -0.002687 -0.002439 0.000821
-0.632863 -1.094888 0.683897 0.074357 0.270341 -0.288120 0.019227 -0.322475 -0.244188 -0.148323 -0.192926 0.279290 -0.138570 0.163070 0.092507 -0.102657 0.028447 -0.113180 0.219470 0.000000 -0.000001 -0.000000 0.000000 0.000000 -0.000001 -0.000000 0.000000 0.000000 0.000000 -0.000001 -0.129871 -0.179074 0.060145 -0.171087 0.069445 -0.089071 -0.066370 0.000001 -0.000000 0.000000 0.000000 0.000000 0.000000 -0.000001 -0.000000 0.000001 -0.000000 -0.000001 0.000001 0.000000 -0.000000 -0.000001 0.043826 -0.057317 -0.032893 -0.051426
-0.301803 -0.715930 0.106554 0.095668 0.993733 0.348005 -0.113944 0.721394 -0.447795 0.489245 0.010509 0.266839 -0.272099 -0.061592 0.010428 -0.139942 -0.083921 -0.302162 -0.050499 -0.000000 -0.000000 0.000000 -0.000000 -0.000000 -0.000000 0.000001 0.000000 -0.000000 -0.000001 -0.000001 -0.321139 -0.042610 0.079273 -0.001839 -0.054425 0.161403 0.240368 -0.000001 -0.000000 0.000000 -0.000000 -0.000000 -0.000000 0.000001 0.000000 -0.000001 0.000000 -0.000000 -0.000000 -0.000000 0.000000 0.000000 -0.027959 0.026869 0.007864 0.012073
0.310015 -0.322143 0.311791 -0.010691 0.778643 -0.492532 -0.210188 -0.154470 0.339093 -0.133011 0.139404 0.003505 -0.068046 0.009853 0.065469 0.046131 -0.051002 -0.029307 -0.054042 0.000000 -0.000000 0.000000 -0.000000 -0.000000 0.000000 0.000000 0.000000 0.000000 -0.000000 0.000001 0.052933 0.039259 0.023278 0.008732 -0.013476 -0.174808 -0.113748 -0.000003 0.000001 -0.000001 -0.000000 -0.000000 -0.000000 0.000001 0.000001 -0.000002 0.000000 0.000001 -0.000001 -0.000001 0.000001 0.000002 -0.071698 -0.031307 -0.063312 0.079862
-0.082931 -0.648439 -0.773381 -0.042583 0.029889 -0.173711 -0.392256 0.249238 0.097470 0.426515 0.547091 -0.530877 0.041816 -0.201665 0.133089 -0.087196 0.096716 0.141799 -0.113342 0.000000 0.000000 0.000000 0.000000 -0.000000 0.000000 0.000000 -0.000000 -0.000000 -0.000000 0.000001 0.109245 0.194429 0.066484 -0.073461 -0.060906 -0.050185 0.065258 0.000003 -0.000002 0.000001 0.000000 0.000000 0.000003 -0.000003 -0.000002 0.000005 -0.000001 -0.000002 0.000003 0.000000 -0.000002 -0.000005 0.197276 0.034158 0.046706 0.009859
0.102879 -0.219563 0.636702 0.321851 0.084758 0.203501 -0.704959 0.027476 -0.492185 0.296367 0.264972 -0.453815 0.050044 0.560125 -0.450522 0.384685 -0.118995 0.016274 0.043461 -0.000000 0.000000 -0.000000 0.000000 0.000000 -0.000000 -0.000000 0.000000 0.000000 0.000000 0.000000 0.033206 -0.210872 -0.072561 0.047004 0.025386 -0.008668 -0.029886 -0.000001 0.000001 -0.000000 -0.000000 -0.000000 -0.000001 0.000001 0.000000 -0.000001 0.000000 0.000001 -0.000001 0.000000 0.000000 0.000001 -0.048637 -0.021216 0.014069 -0.002018
-0.704727 0.216021 0.103110 0.924544 -0.245993 0.572684 -0.904931 -0.111349 0.339588 -0.056168 -0.167786 0.064868 -0.138484 0.205155 0.096467 0.005564 -0.026856 -0.024395 -0.022326 0.000000 0.000000 0.000000 -0.000000 -0.000000 0.000000 -0.000000 0.000000 -0.000000 -0.000000 -0.000000 -0.018119 -0.028583 0.040893 0.048058 -0.004101 -0.055904 -0.028313 -0.000001 0.000001 -0.000001 -0.000000 0.000000 -0.000001 0.000001 0.000000 -0.000001 0.000000 0.000000 -0.000000 0.000000 0.000000 0.000001 -0.020597 -0.036979 0.056479 -0.006404
-0.773779 -0.483748 0.488719 0.456355 -0.586902 -0.100365 0.714145 0.118042 0.150427 0.169023 0.015267 -0.151662 -0.148712 0.584610 0.016138 0.122768 -0.024518 -0.030402 0.068615 -0.000000 -0.000000 0.000000 0.000000 -0.000000 -0.000001 0.000000 0.000000 0.000000 0.000000 0.000000 -0.003749 -0.370761 0.053233 -0.369201 0.280127 0.036359 -0.250304 0.000001 0.000000 0.000000 0.000000 -0.000000 0.000000 -0.000001 0.000000 0.000000 -0.000000 -0.000000 -0.000000 0.000001 -0.000001 -0.000001 0.021983 0.069898 0.037422 -0.004439
-0.896784 -1.790655 1.172576 0.344425 0.346472 -0.415738 0.264672 -0.740955 -0.868393 -0.199960 -0.387192 0.697787 -0.170663 0.352650 -0.159004 -0.080808 0.000540 0.135721 -0.112521 -0.000000 0.000001 0.000000 0.000000 0.000000 0.000000 0.000001 0.000000 -0.000000 -0.000000 0.000000 -0.037519 0.110648 -0.018952 0.032237 -0.025698 -0.059523 -0.050100 -0.000002 0.000001 -0.000001 -0.000000 -0.000000 -0.000001 0.000001 0.000001 -0.000002 0.000000 0.000001 -0.000001 -0.000000 0.000000 0.000002 -0.059889 0.022981 0.037984 0.031452
-0.727770 -0.554459 0.525721 0.227728 -0.454547 -0.141603 0.000249 -0.380311 -0.552638 -0.028483 -0.376240 0.205948 0.142665 0.105313 -0.265373 0.293879 -0.144197 0.359323 -0.675163 -0.000000 0.000002 0.000001 -0.000000 -0.000001 0.000002 0.000002 -0.000000 -0.000002 -0.000002 0.000002 0.212330 0.333723 0.002411 0.291611 -0.154462 0.060449 0.114178 0.000001 -0.000001 0.000001 0.000000 -0.000000 0.000000 -0.000001 -0.000000 0.000001 -0.000000 -0.000001 0.000001 0.000000 -0.000001 -0.000001 0.046283 0.004539 -0.020456 -0.022608
-0.649589 0.197805 0.044568 0.553826 -0.154165 0.003565 0.099055 0.031199 -0.061887 -0.074986 -0.055545 0.083625 0.209394 -0.632885 -0.085051 -0.020337 -0.018467 -0.022779 -0.158294 0.367379 -0.064184 0.165172 -0.314079 -1.061597 0.031120 0.282581 0.057032 0.332561 -0.115257 0.006791 -0.001753 -0.214470 0.048335 -0.074831 -0.008560 -0.004484 -0.022818 -0.000000 0.000000 0.000000 -0.000000 -0.000000 -0.000000 0.000000 0.000000 -0.000000 0.000000 0.000000 -0.000000 0.000000 -0.000000 0.000000 -0.013226 0.007694 -0.001501 0.002722
-0.647812 0.192304 0.076318 0.574419 -0.147802 0.033278 -0.029080 0.036912 -0.192522 0.018034 0.031498 -0.092872 0.232947 -0.316444 -0.570728 0.808152 -0.358317 0.048832 0.760021 0.000001 -0.000002 -0.000000 0.000001 0.000001 -0.000003 -0.000004 -0.000001 0.000001 0.000004 -0.000003 -0.174279 0.418446 0.232790 -0.167490 -0.047737 0.007355 0.014514 0.000000 -0.000000 0.000000 0.000000 -0.000000 0.000000 -0.000001 -0.000000 0.000001 -0.000000 -0.000000 0.000000 0.000000 -0.000000 -0.000001 0.034812 0.024882 -0.012338 0.004256
-0.712150 0.206365 0.086117 0.783554 -0.283301 -0.026662 0.838463 0.331177 0.356102 0.085861 0.160921 -0.044343 -0.157954 0.240209 0.020426 -0.032052 0.008489 0.009431 -0.015464 -0.000000 0.000000 0.000000 0.000000 0.000000 0.000000 0.000000 -0.000000 0.000000 0.000000 0.000000 0.000814 0.069072 -0.007789 0.073491 -0.061462 -0.008377 0.048335 -0.004465 -0.090834 -0.096872 0.011577 0.258349 0.131812 -0.288123 0.216522 -0.028156 0.253446 -0.190672 -0.101822 -0.163288 0.172090 -0.012933 -0.007060 -0.011539 -0.007430 0.001509
-0.712150 0.206365 0.086117 0.783555 -0.283301 -0.026662 0.838463 0.331177 0.356102 0.085861 0.160921 -0.044343 -0.157954 0.240209 0.020426 -0.032052 0.008489 0.009431 -0.015464 -0.000000 0.000000 0.000000 -0.000000 0.000000 0.000000 -0.000000 0.000000 -0.000000 -0.000000 -0.000000 0.000813 0.069073 -0.007789 0.073490 -0.061462 -0.008378 0.048336 -0.029255 0.053724 -0.036211 0.023981 0.095161 -0.388949 -0.112017 -0.221203 -0.122770 -0.319676 0.067952 -0.020711 -0.222364 -0.027418 -0.006861 -0.007052 -0.011539 -0.007430 0.001509
-0.712150 0.206365 0.086117 0.783554 -0.283301 -0.026662 0.838463 0.331177 0.356102 0.085861 0.160921 -0.044343 -0.157955 0.240208 0.020426 -0.032052 0.008489 0.009430 -0.015464 0.000000 0.000000 0.000000 0.000000 0.000000 0.000000 -0.000000 0.000000 -0.000000 0.000000 0.000000 0.000813 0.069073 -0.007789 0.073490 -0.061462 -0.008377 0.048334 0.018459 -0.007522 0.137528 -0.025690 -0.307594 -0.035292 0.233405 -0.196091 0.127775 0.374935 0.093343 -0.046699 -0.151546 0.021736 0.002082 -0.007054 -0.011539 -0.007430 0.001509
-0.712150 0.206365 0.086117 0.783555 -0.283301 -0.026662 0.838463 0.331177 0.356102 0.085861 0.160921 -0.044343 -0.157954 0.240209 0.020426 -0.032052 0.008489 0.009430 -0.015464 -0.000000 0.000000 -0.000000 0.000000 0.000000 0.000000 0.000000 0.000000 0.000000 0.000000 0.000000 0.000814 0.069073 -0.007789 0.073491 -0.061462 -0.008377 0.048335 0.035402 0.020161 0.076247 -0.007721 -0.164776 0.281371 0.258453 0.212570 -0.116259 -0.356894 -0.155730 0.031447 0.049606 0.072181 0.019022 -0.007056 -0.011539 -0.007430 0.001509
-0.712150 0.206365 0.086117 0.783554 -0.283301 -0.026662 0.838463 0.331177 0.356102 0.085861 0.160921 -0.044343 -0.157954 0.240209 0.020426 -0.032052 0.008489 0.009430 -0.015464 -0.000000 0.000000 0.000000 0.000000 0.000000 0.000000 -0.000000 0.000000 -0.000000 -0.000000 -0.000000 0.000814 0.069073 -0.007789 0.073490 -0.061462 -0.008379 0.048337 -0.020144 0.024472 -0.080693 -0.002147 0.118859 0.011057 -0.091717 -0.011796 0.139408 0.048189 0.185106 0.137785 0.487592 -0.238588 -0.001310 -0.007063 -0.011539 -0.007430 0.001510
1.004532 -0.594459 -0.752413 -0.023249 0.813054 -0.648993 -0.064750 -0.854083 0.528865 0.249076 -0.272701 0.189513 -0.371309 0.128758 -0.533316 -0.046381 0.130510 -0.086549 0.115840 0.000000 -0.000000 -0.000000 0.000000 0.000001 0.000000 -0.000001 -0.000000 -0.000000 -0.000000 0.000000 0.027978 -0.240977 0.026282 -0.054122 0.048505 0.269635 0.245709 -0.000000 -0.000000 0.000000 -0.000000 0.000000 -0.000000 0.000001 -0.000000 -0.000000 -0.000000 -0.000000 -0.000000 -0.000001 0.000000 0.000000 -0.017247 -0.115730 -0.023641 0.027761
0.505809 -0.545999 0.506966 0.257968 1.468438 -0.711401 -0.179191 -0.415300 0.625191 -0.175553 0.667723 -0.133696 0.007659 -0.205437 0.203501 0.151981 -0.022831 0.473173 0.029843 -0.000001 0.000001 0.000000 0.000000 0.000001 -0.000001 0.000002 0.000000 0.000000 -0.000000 -0.000003 -0.578120 -0.150928 -0.110408 0.278121 -0.031294 0.201363 0.020049 0.000002 -0.000000 0.000000 -0.000000 -0.000000 -0.000001 -0.000001 0.000000 0.000000 0.000000 -0.000000 -0.000000 0.000001 -0.000001 -0.000001 0.018866 0.047952 0.039708 -0.038898
1.306002 -0.471445 -0.373745 -0.210631 1.302410 0.653017 0.286647 -0.028424 -0.451261 -0.088315 -0.034758 0.237711 -0.276793 0.065070 0.536964 -0.036025 0.016197 0.411591 0.120039 -0.000000 0.000000 0.000000 0.000001 0.000000 -0.000001 -0.000001 -0.000000 0.000000 0.000001 -0.000001 -0.080762 0.028146 0.098600 -0.193158 -0.064053 -0.070836 0.011456 -0.000002 0.000001 -0.000000 -0.000000 -0.000000 -0.000001 0.000001 0.000001 -0.000001 0.000000 0.000001 -0.000001 -0.000000 0.000000 0.000002 -0.059156 0.053189 -0.042964 0.003484
0.718787 -0.615110 0.268661 0.080128 1.765576 -0.045046 -0.097286 0.610994 0.214735 0.391403 0.085816 0.508415 -0.209546 -0.163149 0.143358 0.208136 -0.462308 -0.145708 -0.020059 0.000001 -0.000000 -0.000000 -0.000001 -0.000000 0.000001 -0.000001 0.000000 -0.000000 -0.000000 0.000001 0.506448 0.003604 -0.100851 0.077302 0.092451 -0.099404 -0.193080 0.000002 -0.000000 0.000000 0.000000 0.000000 0.000001 -0.000001 -0.000001 0.000002 -0.000001 -0.000000 0.000001 0.000000 -0.000001 -0.000001 0.063542 -0.078357 0.009134 -0.017638
-0.603296 0.086757 -0.100939 0.504052 -0.312275 -0.227631 -0.303470 0.090496 -0.573601 0.400517 0.800162 -0.157419 -0.069798 -0.165727 -0.042209 -0.223361 0.181929 0.185076 0.066380 -0.104947 0.011497 0.048426 0.042353 0.129109 -0.130407 0.426370 0.234264 0.108583 -0.087630 0.833606 0.177372 0.047721 -0.017007 -0.041773 0.045430 0.010814 -0.023360 0.000001 -0.000000 0.000000 0.000000 -0.000000 0.000001 -0.000001 -0.000000 0.000002 -0.000000 -0.000001 0.000001 0.000000 -0.000000 -0.000002 0.072193 -0.037222 -0.023162 0.002339
-0.689885 0.214678 0.064445 0.799824 -0.223515 0.388829 -0.550317 -0.074885 0.309476 -0.116198 -0.195149 0.166877 -0.067940 -0.141147 0.260455 -0.217373 0.040212 -0.046902 -0.078770 0.000000 -0.000000 0.000000 -0.000000 0.000000 0.000000 0.000000 0.000000 -0.000000 -0.000000 0.000000 -0.084541 0.465898 0.298157 0.150173 0.705660 0.221038 -0.064841 -0.000001 0.000001 -0.000000 -0.000000 -0.000000 -0.000001 0.000001 0.000001 -0.000001 0.000000 0.000001 -0.000001 -0.000000 0.000000 0.000002 -0.071893 -0.002048 -0.003848 0.001764
-0.977078 0.274510 0.177302 1.752189 -0.406653 1.239528 -1.600631 -0.239317 0.635747 -0.045080 -0.154312 0.089516 -0.270473 0.399157 0.134418 -0.058232 0.028442 0.011348 0.015654 -0.000000 0.000000 0.000000 0.000000 0.000000 -0.000000 -0.000000 -0.000000 0.000000 0.000000 0.000000 0.020432 -0.118859 -0.083501 -0.097318 -0.275226 -0.065522 0.037172 0.000001 -0.000001 0.000001 0.000000 -0.000000 0.000001 -0.000001 -0.000000 0.000001 -0.000000 -0.000001 0.000001 0.000000 -0.000001 -0.000002 0.047998 0.029402 -0.032058 0.004600
1.956996 1.620992 1.270199 0.379453 -0.422322 -1.427212 -0.459288 0.834045 -0.321234 -0.371692 -0.659851 -0.549262 -0.677435 -0.105609 0.009265 -0.007608 0.005581 -0.034436 -0.000108 0.000000 -0.000000 0.000000 -0.000000 0.000000 -0.000000 -0.000000 0.000001 0.000000 -0.000000 -0.000000 -0.009118 -0.007983 -0.002799 -0.011970 0.036016 -0.025349 0.074125 -0.000001 0.000001 -0.000000 -0.000000 -0.000001 -0.000001 -0.000000 0.000000 0.000000 0.000000 -0.000000 -0.000000 0.000000 0.000000 0.000000 -0.010712 0.002260 -0.025077 -0.004190
1.377036 1.169511 0.831307 0.148376 -0.269027 -0.866685 -0.327175 0.477831 -0.109642 -0.140354 -0.369110 -0.165902 -0.319740 -0.009043 0.027981 0.003169 -0.005168 0.049167 0.004756 -0.000000 0.000000 0.000000 0.000000 0.000000 0.000000 0.000000 -0.000001 -0.000001 -0.000000 0.000000 -0.028389 -0.017660 -0.002654 0.040071 -0.011963 -0.011786 -0.051218 0.000001 -0.000001 0.000000 0.000000 0.000001 0.000001 0.000001 -0.000000 -0.000001 -0.000000 0.000001 0.000001 -0.000001 -0.000000 0.000001 0.011692 0.008991 0.024758 0.003319
0.797078 0.718033 0.392416 -0.082701 -0.115733 -0.306158 -0.195063 0.121616 0.101950 0.090985 -0.078368 0.217459 0.037957 0.087525 0.046698 0.013945 -0.015915 0.132771 0.009620 0.000000 0.000000 -0.000000 -0.000000 -0.000000 0.000000 -0.000000 0.000000 -0.000000 0.000000 -0.000000 -0.047661 -0.027337 -0.002509 0.092110 -0.059947 0.001776 -0.176562 0.000002 0.000000 0.000000 0.000000 -0.000001 -0.000000 -0.000001 0.000000 0.000000 -0.000000 -0.000001 -0.000000 0.000001 -0.000001 -0.000003 0.034098 0.015723 0.074602 0.010838
-0.084963 -0.054629 -1.300382 0.205351 -0.192354 0.024529 -0.036406 0.303690 -0.205187 -0.634283 -0.092681 0.236535 0.069830 0.194368 -0.233865 -0.085899 0.254377 0.292807 0.142733 0.000000 -0.000000 -0.000000 0.000001 0.000000 0.000000 -0.000002 -0.000001 0.000000 0.000001 0.000001 0.289118 -0.078626 -0.004565 -0.023409 -0.015530 0.225412 0.074588 -0.000001 0.000001 -0.000001 -0.000000 -0.000001 -0.000002 0.000002 0.000001 -0.000004 0.000001 0.000001 -0.000002 0.000000 0.000000 0.000003 -0.136952 0.019745 0.048983 0.002901
-0.019248 -1.175862 -1.158153 0.318819 1.191856 0.357089 -0.020139 0.880239 -0.564522 -1.149808 0.168215 0.045301 0.222120 0.321835 -0.298003 -0.076869 0.046562 -0.293294 -0.033345 0.000000 -0.000000 -0.000000 -0.000000 0.000000 0.000000 0.000001 0.000001 0.000000 -0.000000 0.000001 -0.000549 0.018509 -0.047923 0.074079 0.018342 -0.053539 -0.157263 -0.000000 0.000000 -0.000000 0.000000 -0.000000 0.000000 -0.000000 0.000000 0.000000 -0.000000 0.000000 0.000000 0.000000 -0.000000 -0.000000 0.013107 -0.024423 0.001247 -0.012653
-0.101706 -0.022081 -1.398837 0.300660 -0.225438 -0.137862 0.031524 -0.145061 -0.252813 0.066176 -0.408169 -0.063301 0.103769 0.164447 0.157173 0.037224 -0.033087 0.012844 0.001867 0.000000 -0.000000 -0.000000 0.000000 -0.000000 0.000000 -0.000000 -0.000000 -0.000000 -0.000000 0.000000 0.006607 -0.049732 0.021210 0.060098 -0.050814 0.065142 -0.127816 -0.000001 0.000001 0.000000 -0.000000 -0.000000 -0.000001 0.000000 0.000001 -0.000001 0.000000 0.000001 -0.000001 0.000000 -0.000001 0.000001 -0.062439 0.189404 -0.074333 -0.030612
0.053828 -0.211461 -2.129986 0.790597 0.658923 -0.894749 0.079411 -0.964096 0.489265 0.467302 -0.233232 -0.055521 -0.186086 -0.088705 -0.265797 -0.002071 -0.040477 -0.298689 -0.031469 0.000000 -0.000000 0.000000 -0.000000 0.000000 0.000001 -0.000000 0.000000 0.000000 -0.000000 0.000002 0.253071 0.110334 -0.031181 0.034507 -0.031856 -0.017482 -0.164671 0.000001 0.000000 0.000000 0.000000 -0.000000 0.000000 -0.000001 0.000000 0.000001 -0.000000 -0.000000 0.000000 0.000001 -0.000001 -0.000001 0.028860 0.073820 0.011167 -0.018960
-0.103255 -0.088594 -2.242532 0.757333 -0.372512 -0.212346 0.262253 -0.353110 -0.670481 0.170118 -0.601299 -0.291186 0.412699 0.188770 0.654930 0.192794 -0.188978 0.035616 -0.034132 -0.000000 0.000000 0.000000 -0.000000 -0.000000 -0.000001 0.000001 0.000001 0.000000 0.000000 -0.000001 -0.346436 -0.042964 0.005661 -0.045140 0.081096 -0.193965 0.128076 0.000002 -0.000001 0.000000 0.000000 0.000000 0.000002 -0.000001 -0.000001 0.000003 -0.000001 -0.000001 0.000002 -0.000000 0.000000 -0.000002 0.116445 -0.133041 0.038497 0.020484
0.910939 -0.517055 -1.568328 -0.022252 -0.353718 -0.481110 -0.473864 0.297022 -0.434311 0.173158 0.888864 -0.102320 -0.138965 0.091623 0.003033 -0.060724 -0.032274 -0.257093 -0.123249 -0.000000 0.000000 0.000000 -0.000000 0.000001 -0.000000 0.000002 0.000001 -0.000000 -0.000001 -0.000000 -0.236678 0.048856 0.007626 0.061527 -0.069924 -0.050986 -0.025574 -0.000007 0.000004 -0.000002 -0.000000 -0.000000 -0.000005 0.000006 0.000003 -0.000009 0.000002 0.000004 -0.000005 -0.000000 0.000003 0.000009 -0.350830 -0.003308 0.000485 -0.001221
0.588591 -0.229781 -0.564560 -0.374606 -0.325454 -0.250633 -0.153671 0.099880 0.476438 -0.121598 -0.089006 0.216987 -0.131881 -0.123832 0.230403 0.125968 -0.134915 0.071623 -0.062866 -0.000000 0.000000 0.000000 -0.000000 -0.000000 -0.000001 0.000001 0.000000 -0.000000 -0.000000 -0.000000 -0.217426 0.005666 0.026525 0.076225 -0.030836 -0.146440 -0.081877 -0.000001 0.000001 -0.000000 -0.000000 -0.000001 -0.000000 -0.000000 0.000000 0.000000 -0.000000 0.000000 0.000000 -0.000000 0.000001 -0.000000 0.006868 -0.006248 -0.071807 0.022995
0.956008 -0.455912 -1.141587 -0.355849 -0.431673 -0.189621 -0.079860 0.409589 0.610374 -1.144922 0.273128 0.678775 -0.101561 -0.138888 -0.066636 0.087298 0.112102 0.373811 0.115277 0.000000 0.000000 -0.000000 0.000001 -0.000000 -0.000000 -0.000002 -0.000001 0.000000 0.000001 -0.000000 0.135322 0.029593 0.006768 -0.125858 0.043318 -0.114974 0.161040 0.000002 -0.000002 0.000001 0.000000 0.000000 0.000002 -0.000002 -0.000001 0.000003 -0.000001 -0.000002 0.000002 0.000000 -0.000001 -0.000003 0.133129 0.004966 0.011644 0.003593
1.674878 0.037708 -0.391394 -0.494146 -0.034938 0.282242 -0.048949 0.493361 0.091035 0.458602 -0.388547 0.109678 -0.000835 -0.018502 -0.021372 0.029992 0.011947 0.001484 -0.007599 -0.000000 -0.000000 -0.000000 0.000000 0.000000 0.000000 -0.000001 -0.000000 -0.000001 0.000000 0.000000 0.016546 -0.018061 -0.005375 0.013052 0.050594 -0.068073 0.137112 -0.000000 -0.000000 -0.000000 -0.000000 0.000001 0.000000 0.000000 -0.000000 0.000001 0.000000 0.000000 0.000000 0.000001 -0.000000 -0.000000 0.015606 -0.062165 -0.033441 -0.081695
0.599163 0.595657 0.013964 -0.208287 -0.627491 0.525019 0.137924 -0.268162 -0.207680 0.095027 0.024241 0.229736 -0.460731 -0.062151 -0.534044 -0.023951 0.091549 -0.077326 0.031093 -0.000000 0.000000 -0.000000 0.000000 0.000001 -0.000001 0.000000 0.000001 0.000000 -0.000000 -0.000001 -0.163034 -0.165445 -0.144020 0.176618 0.265981 -0.323243 0.221532 -0.000001 -0.000000 -0.000000 -0.000000 0.000000 0.000000 0.000001 -0.000000 0.000000 0.000000 -0.000000 0.000000 -0.000000 0.000001 0.000001 0.002225 0.068446 0.002626 0.004819
1.651284 0.158071 -0.315671 -0.470600 -0.464700 0.156822 0.035741 -0.222662 0.156974 -0.237455 -0.062456 -0.431040 0.228752 0.109557 -0.187026 -0.270160 -0.253406 0.044446 0.003895 -0.000000 0.000000 -0.000000 0.000000 0.000000 0.000000 0.000000 -0.000000 0.000000 0.000000 -0.000000 0.002353 0.000513 -0.001804 0.007728 0.003884 0.004278 0.000815 -0.084594 -0.084295 0.119458 0.001898 -0.135455 -0.156584 -0.108452 -0.025943 0.018783 0.005236 -0.289345 -0.096738 0.162780 -0.010966 0.296231 0.002495 0.000527 0.000079 -0.001116
1.518527 1.130762 0.592613 -0.102900 -0.159431 0.467160 0.282180 -0.552506 -0.178394 -0.234511 0.354034 -0.072427 -0.110350 -0.023935 -0.026095 -0.456999 -0.769154 0.155619 0.076385 0.000000 0.000000 -0.000000 -0.000001 0.000000 -0.000000 0.000001 0.000000 0.000000 -0.000000 -0.000002 0.007919 -0.002069 -0.004461 -0.003442 -0.015971 0.003547 -0.028192 0.009565 0.072556 0.053323 -0.003899 -0.060112 -0.040546 -0.056333 0.041961 0.044269 -0.014747 -0.010028 0.001334 0.035801 0.067489 -0.374358 -0.005034 0.008752 0.001071 0.001175
1.651283 0.158071 -0.315671 -0.470600 -0.464700 0.156822 0.035740 -0.222662 0.156974 -0.237455 -0.062456 -0.431040 0.228751 0.109558 -0.187026 -0.270160 -0.253406 0.044446 0.003895 0.000000 0.000000 0.000000 -0.000000 0.000000 0.000000 0.000000 0.000000 -0.000000 -0.000000 -0.000000 0.002353 0.000512 -0.001804 0.007729 0.003883 0.004279 0.000815 0.075029 0.011739 -0.172781 0.002001 0.195567 0.197130 0.164785 -0.016018 -0.063052 0.009511 0.299373 0.095404 -0.198581 -0.056524 0.078127 0.002496 0.000528 0.000079 -0.001116
1.710067 0.119774 -0.274076 -0.468215 -0.058865 0.358042 0.067084 0.075522 -0.074045 0.071663 0.066336 0.070929 -0.220947 -0.055499 0.420157 0.265441 -0.413319 -0.420301 -0.077952 0.000001 -0.000001 0.000000 -0.000001 -0.000001 0.000001 -0.000001 -0.000000 -0.000000 -0.000000 0.000002 0.324886 -0.053256 0.078985 -0.074182 -0.009357 0.182460 0.322247 0.000001 -0.000001 0.000000 -0.000000 -0.000000 -0.000000 0.000000 0.000000 -0.000001 0.000000 -0.000001 0.000000 -0.000000 -0.000000 0.000000 -0.000876 0.098736 0.045176 0.018884
1.676095 0.185514 -0.286027 -0.473167 -0.470961 0.210508 0.077143 -0.301828 0.102078 -0.257869 0.035233 -0.357439 0.124529 0.056229 0.008626 0.212426 0.248971 -0.147452 -0.080285 -0.000000 -0.000000 0.000000 -0.000000 0.000000 0.000000 0.000000 0.000001 0.000000 0.000000 0.000002 0.042438 0.002027 -0.024271 0.062583 -0.007436 0.061149 -0.130301 0.137742 0.087575 0.107255 0.009046 0.026274 0.089667 -0.122742 -0.152568 0.319905 -0.109959 -0.058392 0.171606 -0.020154 0.210948 -0.119050 0.010896 -0.040462 -0.003911 0.000539
0.596081 0.595072 -0.018658 -0.240094 -0.699870 0.366388 0.180341 -0.210956 -0.066698 0.039174 -0.050531 0.498616 -0.421176 -0.184524 -0.156185 -0.259681 0.069212 -0.164125 -0.038404 -0.000000 -0.000000 0.000000 0.000000 0.000000 -0.000000 0.000001 -0.000001 -0.000000 -0.000001 0.000000 -0.227326 0.240617 0.208529 -0.274550 -0.315894 0.214295 -0.133044 -0.000001 0.000001 -0.000000 -0.000000 -0.000000 -0.000001 -0.000000 0.000000 -0.000001 0.000000 0.000001 -0.000000 0.000001 -0.000000 -0.000000 -0.025103 -0.105008 0.015381 -0.026442
1.676095 0.185515 -0.286027 -0.473167 -0.470961 0.210508 0.077143 -0.301828 0.102078 -0.257869 0.035233 -0.357439 0.124529 0.056229 0.008627 0.212426 0.248970 -0.147452 -0.080286 0.000000 -0.000000 0.000000 -0.000000 0.000000 -0.000000 0.000001 0.000000 -0.000000 -0.000001 0.000000 0.042439 0.002028 -0.024274 0.062582 -0.007434 0.061149 -0.130300 -0.128176 -0.015019 -0.053932 -0.012945 -0.086387 -0.130213 0.066408 0.194529 -0.275635 0.095212 0.048365 -0.170271 0.055955 -0.143459 -0.255309 0.010924 -0.040463 -0.003912 0.000539
1.543338 1.158205 0.622257 -0.105467 -0.165692 0.520845 0.323583 -0.631672 -0.233290 -0.254926 0.451724 0.001175 -0.214573 -0.077263 0.169558 0.025585 -0.266780 -0.036278 -0.007794 0.000000 0.000000 0.000000 -0.000001 -0.000000 -0.000000 0.000001 0.000001 0.000000 0.000000 -0.000000 0.048003 -0.000556 -0.026928 0.051412 -0.027293 0.060423 -0.159313 -0.009564 -0.072557 -0.053322 0.003899 0.060112 0.040546 0.056333 -0.041960 -0.044269 0.014747 0.010028 -0.001334 -0.035800 -0.067489 0.374356 0.003412 -0.032237 -0.002920 0.002830
2.450627 0.054024 -0.630934 -0.682305 -0.072143 0.814444 0.120536 0.783347 0.113637 1.044856 -0.638783 0.329983 0.037208 -0.146436 -0.330493 -0.069528 0.216512 0.401475 0.054111 -0.000000 0.000000 0.000000 0.000001 0.000001 -0.000001 0.000001 -0.000000 0.000000 0.000000 -0.000001 -0.160704 0.021854 -0.096192 0.117981 -0.026146 0.012090 -0.250588 0.000000 0.000000 -0.000000 -0.000000 -0.000001 -0.000000 -0.000001 0.000000 -0.000000 -0.000000 0.000000 -0.000000 0.000000 -0.000000 -0.000000 -0.001933 0.023831 0.022784 0.035250
0.272611 0.475221 0.385031 0.300676 0.840908 0.172658 0.063739 0.190499 -0.198525 -0.128432 -0.264352 -0.329464 0.378529 0.153548 0.029005 -0.114602 0.136247 -0.099295 0.014437 -0.000000 -0.000000 -0.000000 0.000000 0.000000 0.000001 0.000000 -0.000000 0.000000 -0.000000 0.000001 -0.026439 -0.026744 0.040366 0.030596 -0.057044 0.236232 -0.001963 -0.283084 -0.309782 0.070213 0.000710 -0.069549 0.082837 -0.090996 0.016845 0.097509 -0.084113 0.098245 0.085846 -0.096609 -0.059685 -0.046988 0.156265 0.010085 -0.024829 0.017566
0.272611 0.475221 0.385031 0.300675 0.840907 0.172658 0.063738 0.190499 -0.198525 -0.128432 -0.264351 -0.329465 0.378529 0.153548 0.029005 -0.114602 0.136247 -0.099296 0.014437 0.000000 -0.000000 0.000000 -0.000000 0.000000 -0.000000 0.000000 0.000000 -0.000000 -0.000001 -0.000000 -0.026438 -0.026743 0.040367 0.030595 -0.057044 0.236231 -0.001962 0.283091 0.309778 -0.070210 -0.000710 0.069548 -0.082833 0.090990 -0.016847 -0.097501 0.084110 -0.098249 -0.085842 0.096610 0.059681 0.046978 0.156274 0.010085 -0.024829 0.017566
0.078654 0.243474 0.050085 0.207101 0.951723 1.041544 0.429167 -0.359811 -0.179970 -0.062560 0.037409 -0.506420 -0.173643 -0.221144 -0.277847 -0.039502 0.149154 0.090253 0.029326 0.000000 0.000000 -0.000000 0.000000 0.000000 -0.000000 -0.000000 0.000000 0.000000 0.000000 -0.000000 0.018713 -0.059899 -0.141303 0.175297 0.179436 -0.135333 0.100612 0.000001 -0.000000 -0.000000 0.000000 0.000000 0.000001 -0.000000 -0.000000 0.000001 -0.000000 -0.000001 0.000001 -0.000000 -0.000000 -0.000000 0.048297 -0.019437 -0.010264 -0.007854
0.278279 0.540616 0.471655 0.262970 0.632797 0.052491 0.086427 -0.186203 0.092743 0.212487 -0.336275 -0.425324 0.347135 -0.017856 0.281256 0.068456 0.140925 0.545216 0.115716 0.000000 0.000000 0.000000 0.000001 -0.000000 0.000000 -0.000003 -0.000001 -0.000000 0.000002 0.000000 0.372373 -0.009106 0.041352 -0.216249 0.010726 -0.033180 0.107008 -0.000007 0.000003 -0.000002 -0.000000 -0.000000 -0.000004 0.000006 0.000002 -0.000008 0.000002 0.000004 -0.000005 -0.000001 0.000003 0.000009 -0.334019 -0.048950 0.008504 -0.010983
-0.603297 0.086757 -0.100939 0.504052 -0.312275 -0.227631 -0.303470 0.090496 -0.573600 0.400516 0.800163 -0.157419 -0.069797 -0.165727 -0.042210 -0.223360 0.181932 0.185071 0.066371 0.104947 -0.011497 -0.048426 -0.042352 -0.129107 0.130407 -0.426372 -0.234265 -0.108583 0.087631 -0.833606 0.177372 0.047721 -0.017007 -0.041774 0.045430 0.010814 -0.023361 0.000001 -0.000001 0.000001 0.000000 0.000000 0.000001 -0.000001 -0.000001 0.000002 -0.000001 -0.000001 0.000001 -0.000000 -0.000001 -0.000002 0.072193 -0.037222 -0.023162 0.002339
1.309523 1.088488 0.697161 0.089352 -0.199453 -0.364145 -0.127787 0.019430 0.160256 0.248852 0.311125 0.660703 1.002092 0.344923 -0.017250 -0.040619 0.025687 -0.133295 -0.000539 0.000000 -0.000000 -0.000000 -0.000001 0.000000 0.000000 -0.000001 -0.000000 0.000000 -0.000000 0.000000 -0.024972 -0.020382 -0.006108 -0.007693 0.053575 -0.044003 0.087011 -0.337473 0.209121 -0.067132 -0.001316 0.013078 0.004736 0.042474 -0.024411 -0.024949 0.023688 0.070411 0.019900 0.070792 0.264946 0.059456 -0.008298 0.007665 -0.015113 -0.002939
1.309524 1.088486 0.697160 0.089352 -0.199453 -0.364145 -0.127787 0.019430 0.160256 0.248851 0.311125 0.660703 1.002091 0.344923 -0.017251 -0.040619 0.025689 -0.133296 -0.000539 -0.000000 -0.000000 0.000000 0.000001 -0.000000 -0.000001 0.000001 0.000000 0.000000 0.000000 0.000000 -0.024975 -0.020381 -0.006104 -0.007692 0.053576 -0.044012 0.087012 0.337471 -0.209121 0.067131 0.001316 -0.013079 -0.004736 -0.042473 0.024411 0.024949 -0.023688 -0.070411 -0.019900 -0.070793 -0.264946 -0.059455 -0.008327 0.007663 -0.015113 -0.002939
1.303948 -0.031277 0.828805 -0.081065 1.168686 -0.153001 0.069494 -0.368642 0.186098 0.000290 -0.061265 -0.334115 0.129582 0.003901 -0.150152 -0.378837 0.394698 -0.240179 -0.103517 -0.000000 -0.000000 0.000001 0.000001 0.000000 0.000000 -0.000000 -0.000000 -0.000000 0.000000 0.000002 -0.047563 0.372795 0.170805 -0.317121 -0.075598 -0.340625 0.073905 -0.000001 -0.000000 -0.000000 0.000000 0.000000 0.000001 0.000000 -0.000000 0.000000 0.000000 -0.000000 0.000000 0.000000 0.000000 -0.000000 0.026522 0.075597 0.038608 -0.009987
1.461489 1.122842 0.624097 -0.042682 -0.089656 0.421364 0.269187 -0.459914 -0.261721 -0.085452 0.395068 0.262850 -0.325669 -0.147722 0.377143 0.706658 0.678278 -0.235508 -0.088163 -0.000000 -0.000000 0.000000 0.000000 -0.000000 0.000000 -0.000000 0.000000 0.000000 0.000000 0.000002 0.032370 0.001009 -0.013630 0.027028 -0.003984 0.015235 -0.026154 -0.000000 0.000000 -0.000000 0.000000 -0.000000 -0.000000 -0.000000 0.000000 -0.000000 0.000000 0.000000 -0.000000 0.000000 -0.000000 0.000001 -0.000105 0.009607 0.001191 -0.000522
