0.0666666666666667
0
1
1
0
0
0
0
0
0
0
0.120634920634921
1
0
0
0
0.611111111111111
1
1
1
1
1
1
0.314285714285714
0.490909090909091
0.408333333333333
0.381818181818182
0.323529411764706
0.333333333333333
0.642857142857143
1
0.666666666666667
0
1
1
1
1
1
1
0.333333333333333
0
0.454545454545455
1
1
1
0
0
0
0.354978354978355
0.476190476190476
0
0.428571428571429
0
0
1
0.333333333333333
1
0.690909090909091
0.60952380952381
0.927272727272727
1
0.927272727272727
0.756410256410256
0.863636363636364
0.769230769230769
0.863636363636364
0.933333333333333
0
0.8
0.8
0.711111111111111
0.833333333333333
1
1
1
0.904761904761905
1
