0.13483024691358
1
0.575438957475994
0.575438957475994
1
1
1
1
1
1
1
0.070600970480075
0.548526234567901
1
1
1
0.305899305886195
0.444948555385873
0.444948555385873
0.444948555385873
0.444948555385873
0.444948555385873
0.444948555385873
0.174415450735667
0.188689334741849
0.156851313265129
0.196558556539928
0.152753548259587
0.346411569802213
0.321425164666902
0.675069444444444
0.382476144324832
1
0.544358606732453
0.472441915294925
0.472441915294925
0.472441915294925
0.472441915294925
0.472441915294925
0.359659943444137
1
0.203441614439074
0.450822141873278
0.417116423243146
0.654706790123457
1
1
0.5
0.129040748057386
0.278666153568599
0.5
0.240511515761634
0.5
1
0.437243764976973
0.128750740132637
0.603538922494205
0.212520318399534
0.196708944179319
0.27409874594396
0.297075208550215
0.27409874594396
0.241860952798415
0.268851352358774
0.240440272657026
0.268851352358774
0.293646046435773
1
0.256319748970469
0.256319748970469
0.240911001355835
0.265860445425675
0.417116423243146
0.835743801652893
0.835743801652893
0.314377028244723
0.303108922934098
