0.0427792810227121
0.00558429083498248
0.0102771346297378
0.0102771346297378
0.00558429083498248
0.00558429083498247
0.00558429083498248
0.00558429083498248
0.00558429083498247
0.00558429083498248
0.00372904093104825
0.0754301216327847
0.00526032754302324
0.00372904093104825
0.00372904093104825
0.00372904093104825
0.0156474273684825
0.0126182029141078
0.0126182029141078
0.0126182029141078
0.0126182029141078
0.0126182029141078
0.0126182029141078
0.0270227049172057
0.0195011346910611
0.0279265256940335
0.0206112150848576
0.0303027359058136
0.011638047873644
0.0155762647210223
0.00540748854075564
0.00907364696813507
0.00372904093104825
0.00524417772633894
0.0124246593638235
0.0124246593638235
0.0124246593638235
0.0124246593638235
0.0124246593638235
0.00736809720104126
0.00343164862554748
0.017793911863244
0.00631353858656197
0.00683686252835066
0.00620212610419761
0.0044211371212013
0.00526542410740258
0.00780558155141324
0.0357673181947297
0.014957475581397
0.00527122270256982
0.0162602086296674
0.00601013339337801
0.00392250585308299
0.00871359743042963
0.030894936215123
0.00514645872338686
0.017478022290751
0.0218820333281445
0.0158921246981001
0.0131458807760094
0.0158921246981001
0.0185784424930267
0.017199878018386
0.0189595301102215
0.017199878018386
0.014456669473094
0.0032986263977918
0.0166918380362807
0.0166918380362807
0.0165610203187929
0.01517092849359
0.00683686252835066
0.00579125401760183
0.00579125401760183
0.0118666609426886
0.0106898251408485
