0 1 0
0 2 0.666667
0 3 0.666667
0 4 0
0 5 0
0 6 0
0 7 0
0 8 0
0 9 0
0 11 0.2
2 3 0.666667
2 11 0.666667
3 11 0.666667
10 11 0
11 12 0.5
11 13 0
11 14 0
11 15 0
11 23 0.4
11 24 0.636364
11 25 0.625
11 26 0.727273
11 27 0.941176
11 28 0.5
11 29 0.875
11 31 0.5
11 32 0
11 33 0.5
11 34 0.833333
11 35 0.833333
11 36 0.833333
11 37 0.833333
11 38 0.833333
11 43 0.666667
11 44 0.5
11 48 0.363636
11 49 0.428571
11 51 0.428571
11 55 0.368421
11 58 0.333333
11 64 0.230769
11 68 0.7
11 69 0.7
11 70 0.7
11 71 0.666667
11 72 0.666667
12 23 0.5
16 17 0.857143
16 18 0.857143
16 19 0.857143
16 20 0.857143
16 21 0.857143
16 22 0.857143
16 23 0.666667
16 26 0.111111
16 55 0.111111
17 18 0.857143
17 19 0.857143
17 20 0.857143
17 21 0.857143
17 22 0.857143
17 23 0.857143
18 19 0.857143
18 20 0.857143
18 21 0.857143
18 22 0.857143
18 23 0.857143
19 20 0.857143
19 21 0.857143
19 22 0.857143
19 23 0.857143
20 21 0.857143
20 22 0.857143
20 23 0.857143
21 22 0.857143
21 23 0.857143
22 23 0.857143
23 24 0.272727
23 25 0.2
23 27 0.333333
23 29 0.25
23 30 0.5
23 31 0.75
24 25 0.818182
24 26 0.272727
24 27 0.636364
24 41 0.454545
24 42 0.666667
24 50 0
24 68 0.6
24 69 0.6
24 70 0.6
25 26 0.363636
25 27 0.5625
25 39 0.333333
25 40 0
25 41 0.727273
25 42 0.666667
25 48 0.4375
25 55 0.3125
25 68 0.9
25 69 0.9
25 70 0.8
25 71 0.888889
25 75 0.857143
26 27 0.454545
26 43 0.666667
26 49 0.571429
26 51 0.571429
26 54 0.75
26 55 0.545455
26 72 0.666667
27 28 0.25
27 29 0.25
27 31 0.5
27 33 0.5
27 43 0.666667
27 48 0.352941
27 58 0.2
27 68 0.7
27 69 0.7
27 70 0.7
27 71 0.666667
27 72 0.666667
28 44 0.5
28 45 0
29 34 0.833333
29 35 0.833333
29 36 0.833333
29 37 0.833333
29 38 0.833333
30 31 0.5
34 35 0.833333
34 36 0.833333
34 37 0.833333
34 38 0.833333
35 36 0.833333
35 37 0.833333
35 38 0.833333
36 37 0.833333
36 38 0.833333
37 38 0.833333
39 52 0
39 55 0.333333
41 42 0.666667
41 55 0.272727
41 57 0.181818
41 62 0.181818
41 68 0.6
41 69 0.6
41 70 0.6
41 71 0.555556
41 75 0.714286
46 47 0
47 48 0
48 55 0.526316
48 57 0.727273
48 58 0.866667
48 59 0.909091
48 60 0.888889
48 61 0.909091
48 62 0.846154
48 63 0.916667
48 64 0.923077
48 65 0.916667
48 66 0.9
48 68 0.6
48 69 0.6
48 71 0.666667
48 73 0.5
48 74 0.5
48 75 0.571429
48 76 0.857143
49 50 0
49 51 0.571429
49 54 0.75
49 55 0.714286
49 56 0.5
51 52 0
51 53 0
51 54 0.75
51 55 0.571429
54 55 0.75
55 56 0.5
55 57 0.818182
55 58 0.6
55 59 0.727273
55 61 0.727273
55 62 0.692308
55 63 0.666667
55 64 0.692308
55 65 0.666667
57 58 0.727273
57 59 0.727273
57 61 0.727273
57 62 0.818182
57 63 0.727273
57 64 0.727273
57 65 0.727273
57 67 0
58 59 0.909091
58 60 0.888889
58 61 0.909091
58 62 0.846154
58 63 0.916667
58 64 0.923077
58 65 0.916667
58 66 0.9
58 70 0.2
58 76 0.857143
59 60 0.888889
59 61 0.909091
59 62 0.909091
59 63 0.909091
59 64 0.909091
59 65 0.909091
59 66 0.8
60 61 0.888889
60 62 0.888889
60 63 0.888889
60 64 0.888889
60 65 0.888889
60 66 0.888889
61 62 0.909091
61 63 0.909091
61 64 0.909091
61 65 0.909091
61 66 0.8
62 63 0.916667
62 64 0.846154
62 65 0.916667
62 66 0.9
62 76 0.857143
63 64 0.916667
63 65 0.916667
63 66 0.9
63 76 0.857143
64 65 0.916667
64 66 0.9
64 76 0.857143
65 66 0.9
65 76 0.857143
66 76 0.857143
68 69 0.9
68 70 0.8
68 71 0.888889
68 75 0.857143
69 70 0.8
69 71 0.888889
69 75 0.857143
70 71 0.777778
70 75 0.714286
71 75 0.857143
73 74 0.5
