0.00564971751412429
0.00396825396825397
0.00543478260869565
0.00543478260869565
0.00396825396825397
0.00396825396825397
0.00396825396825397
0.00396825396825397
0.00396825396825397
0.00396825396825397
0.00518134715025907
0.00847457627118644
0.00543478260869565
0.00518134715025907
0.00518134715025907
0.00518134715025907
0.00515463917525773
0.00448430493273543
0.00448430493273543
0.00448430493273543
0.00448430493273543
0.00448430493273543
0.00448430493273543
0.00606060606060606
0.00606060606060606
0.00680272108843537
0.00628930817610063
0.00680272108843537
0.00529100529100529
0.00561797752808989
0.00418410041841004
0.00549450549450549
0.00518134715025907
0.00520833333333333
0.00531914893617021
0.00531914893617021
0.00531914893617021
0.00531914893617021
0.00531914893617021
0.00490196078431373
0.0045045045045045
0.00520833333333333
0.00462962962962963
0.00529100529100529
0.00523560209424084
0.00378787878787879
0.00337837837837838
0.00452488687782805
0.00675675675675676
0.00581395348837209
0.00440528634361233
0.00581395348837209
0.004149377593361
0.00404858299595142
0.00480769230769231
0.00699300699300699
0.00462962962962963
0.00520833333333333
0.00632911392405063
0.00515463917525773
0.00469483568075117
0.00515463917525773
0.00526315789473684
0.00518134715025907
0.00625
0.00518134715025907
0.00471698113207547
0.00374531835205992
0.00609756097560976
0.00609756097560976
0.00595238095238095
0.00602409638554217
0.00529100529100529
0.0045045045045045
0.0045045045045045
0.005
0.00465116279069767
