0 1 1
0 2 1
0 3 1
0 4 1
0 5 1
0 6 1
0 7 1
0 8 1
0 9 1
0 11 0.3
2 3 1
2 11 1
3 11 1
10 11 1
11 12 1
11 13 1
11 14 1
11 15 1
11 23 0.466667
11 24 0.727273
11 25 0.6875
11 26 0.818182
11 27 1
11 28 0.75
11 29 1
11 31 0.75
11 32 1
11 33 1
11 34 1
11 35 1
11 36 1
11 37 1
11 38 1
11 43 1
11 44 1
11 48 0.409091
11 49 0.571429
11 51 0.571429
11 55 0.421053
11 58 0.4
11 64 0.307692
11 68 0.8
11 69 0.8
11 70 0.8
11 71 0.777778
11 72 1
12 23 1
16 17 1
16 18 1
16 19 1
16 20 1
16 21 1
16 22 1
16 23 0.777778
16 26 0.222222
16 55 0.222222
17 18 1
17 19 1
17 20 1
17 21 1
17 22 1
17 23 1
18 19 1
18 20 1
18 21 1
18 22 1
18 23 1
19 20 1
19 21 1
19 22 1
19 23 1
20 21 1
20 22 1
20 23 1
21 22 1
21 23 1
22 23 1
23 24 0.363636
23 25 0.266667
23 27 0.4
23 29 0.375
23 30 1
23 31 1
24 25 0.909091
24 26 0.363636
24 27 0.727273
24 41 0.545455
24 42 1
24 50 0.5
24 68 0.7
24 69 0.7
24 70 0.7
25 26 0.454545
25 27 0.625
25 39 0.666667
25 40 1
25 41 0.818182
25 42 1
25 48 0.5
25 55 0.375
25 68 1
25 69 1
25 70 0.9
25 71 1
25 75 1
26 27 0.545455
26 43 1
26 49 0.714286
26 51 0.714286
26 54 1
26 55 0.636364
26 72 1
27 28 0.5
27 29 0.375
27 31 0.75
27 33 1
27 43 1
27 48 0.411765
27 58 0.266667
27 68 0.8
27 69 0.8
27 70 0.8
27 71 0.777778
27 72 1
28 44 1
28 45 1
29 34 1
29 35 1
29 36 1
29 37 1
29 38 1
30 31 1
34 35 1
34 36 1
34 37 1
34 38 1
35 36 1
35 37 1
35 38 1
36 37 1
36 38 1
37 38 1
39 52 0.5
39 55 0.666667
41 42 1
41 55 0.363636
41 57 0.272727
41 62 0.272727
41 68 0.7
41 69 0.7
41 70 0.7
41 71 0.666667
41 75 0.857143
46 47 1
47 48 0.5
48 55 0.578947
48 57 0.818182
48 58 0.933333
48 59 1
48 60 1
48 61 1
48 62 0.923077
48 63 1
48 64 1
48 65 1
48 66 1
48 68 0.7
48 69 0.7
48 71 0.777778
48 73 1
48 74 1
48 75 0.714286
48 76 1
49 50 0.5
49 51 0.714286
49 54 1
49 55 0.857143
49 56 1
51 52 0.5
51 53 1
51 54 1
51 55 0.714286
54 55 1
55 56 1
55 57 0.909091
55 58 0.666667
55 59 0.818182
55 61 0.818182
55 62 0.769231
55 63 0.75
55 64 0.769231
55 65 0.75
57 58 0.818182
57 59 0.818182
57 61 0.818182
57 62 0.909091
57 63 0.818182
57 64 0.818182
57 65 0.818182
57 67 1
58 59 1
58 60 1
58 61 1
58 62 0.923077
58 63 1
58 64 1
58 65 1
58 66 1
58 70 0.3
58 76 1
59 60 1
59 61 1
59 62 1
59 63 1
59 64 1
59 65 1
59 66 0.9
60 61 1
60 62 1
60 63 1
60 64 1
60 65 1
60 66 1
61 62 1
61 63 1
61 64 1
61 65 1
61 66 0.9
62 63 1
62 64 0.923077
62 65 1
62 66 1
62 76 1
63 64 1
63 65 1
63 66 1
63 76 1
64 65 1
64 66 1
64 76 1
65 66 1
65 76 1
66 76 1
68 69 1
68 70 0.9
68 71 1
68 75 1
69 70 0.9
69 71 1
69 75 1
70 71 0.888889
70 75 0.857143
71 75 1
73 74 1
