DataAll
105
441
0 1
0 2
0 3
0 4
0 5
0 6
1 3
1 5
1 6
2 4
2 5
2 7
3 5
3 8
3 9
3 10
3 11
3 12
3 13
3 14
3 15
3 16
3 17
3 18
3 19
3 20
3 21
3 22
3 23
3 24
3 25
3 26
3 27
4 5
4 6
4 28
4 29
4 30
4 31
5 6
5 7
6 7
6 10
6 12
6 18
6 22
6 25
6 29
7 14
7 30
7 58
7 71
7 85
8 9
8 10
8 11
8 12
8 13
8 14
8 20
8 21
8 22
8 23
8 24
8 26
8 27
8 32
8 33
8 35
8 37
8 40
8 41
8 42
8 43
8 44
8 45
8 46
9 11
9 12
9 14
9 20
9 24
9 27
9 41
9 45
9 47
9 48
9 49
9 50
9 51
9 52
10 11
10 12
10 15
10 16
10 19
10 21
10 33
10 35
10 37
10 38
10 39
10 55
11 12
11 13
11 14
11 17
11 20
11 21
11 22
11 26
11 27
11 29
11 45
11 47
11 50
11 56
12 13
12 14
12 15
12 17
12 18
12 23
12 24
12 32
12 33
12 36
12 38
12 39
12 40
12 41
12 44
12 46
12 47
12 54
12 55
13 17
13 29
13 32
13 40
13 42
13 43
13 44
13 47
13 57
14 25
14 26
14 58
15 16
15 55
17 47
19 55
19 56
19 77
20 24
20 40
20 48
20 49
20 53
20 57
21 23
22 25
22 40
22 52
23 27
23 32
23 33
23 47
23 54
24 26
24 40
24 47
24 53
25 40
26 40
26 45
26 47
26 53
27 40
27 41
27 47
27 54
28 66
28 72
30 31
30 58
30 66
30 67
30 70
30 73
30 74
30 75
30 76
30 77
30 79
30 80
30 82
30 83
30 84
30 86
30 93
30 99
31 49
31 73
31 74
31 75
31 76
31 77
31 78
31 82
31 91
32 33
33 37
33 38
33 39
33 47
34 35
34 36
34 37
34 38
34 39
35 36
35 37
35 38
35 39
35 40
35 43
35 44
36 41
36 47
37 38
37 47
38 39
39 40
39 42
40 41
40 42
40 44
40 45
40 47
40 53
40 54
41 47
41 54
42 43
42 47
43 56
45 47
46 47
46 102
47 54
48 49
48 57
49 57
49 58
49 72
49 76
50 58
51 52
51 58
51 64
51 65
51 69
52 58
52 64
53 76
56 57
58 64
58 65
58 68
58 69
58 77
58 85
59 60
59 61
59 62
59 63
59 99
60 62
60 63
60 84
60 86
60 99
61 86
61 95
61 101
62 63
62 84
62 99
62 100
63 99
64 65
64 66
64 67
64 68
64 69
64 70
65 67
65 68
65 69
65 85
66 67
66 70
66 72
66 73
66 74
66 76
66 80
66 84
66 85
66 86
66 88
66 89
66 90
66 93
66 96
66 97
66 99
66 100
67 103
67 104
68 71
69 104
70 71
70 72
70 75
70 90
71 72
71 73
71 74
71 75
71 76
71 77
71 78
71 79
71 80
71 81
71 82
71 83
72 73
72 74
72 75
72 76
72 78
72 79
72 80
72 82
72 84
72 85
72 86
72 87
72 88
72 89
72 90
72 91
72 92
73 74
73 75
73 82
73 83
73 84
73 86
73 89
73 92
73 93
73 94
73 95
73 96
73 97
73 98
73 99
73 100
74 75
74 78
74 79
74 82
74 84
74 87
74 88
74 91
74 98
74 99
75 76
75 77
75 78
75 79
75 82
75 83
75 84
75 91
75 92
76 77
76 82
76 83
76 84
76 86
79 84
79 91
79 100
81 84
81 86
81 97
82 84
83 84
83 87
83 100
84 86
84 87
84 88
84 89
84 94
84 96
84 97
84 99
84 100
84 101
86 89
86 93
86 97
86 100
86 101
87 98
88 89
90 91
90 99
91 98
91 100
93 94
93 99
93 102
94 95
94 96
94 101
94 102
95 102
96 97
96 100
98 100
99 100
100 101
103 104
56
356.863190
67.541359
53.336601
47.294670
37.244617
29.094950
22.909725
21.122581
17.406900
16.396465
16.146164
14.873866
13.077237
11.913478
10.622459
10.543989
9.213867
8.501263
8.193042
7.290556
6.990597
6.653878
6.233459
6.091556
5.822088
5.344767
5.175538
4.659345
4.315701
4.110440
3.909922
3.666524
3.555981
3.427596
3.211670
2.905459
2.811977
2.521065
2.371912
2.301026
2.133975
1.921674
1.796739
1.650367
1.487170
1.353902
1.129974
1.053908
0.975292
0.811353
0.670839
0.531548
0.472384
0.245079
0.199842
0.080599
-0.706682 -0.501618 -1.537405 0.405709 -0.223204 1.045741 0.231117 0.117167 -0.012701 0.784771 0.322435 -0.140999 -0.013421 -0.226938 0.016392 0.267831 -0.036317 0.162465 0.039691 -0.360009 -0.381082 -0.231849 0.313245 0.018181 0.051457 -0.016974 0.189381 -0.202346 0.016307 -0.227997 -0.081504 0.121247 -0.114961 0.180349 0.119600 -0.013995 -0.148357 0.450527 0.051985 0.034301 0.117269 0.158288 0.038160 -0.021740 -0.223355 0.016240 -0.073312 0.023574 -0.050933 0.108170 -0.060678 -0.033713 0.137142 -0.057974 -0.009139 -0.055653
-1.596393 -1.003446 -1.608851 0.365478 -0.418842 0.600660 0.111198 -0.581072 0.233598 0.072272 0.207413 -0.352113 0.112010 -0.280768 0.081612 0.528393 -0.157634 0.025898 -0.034037 -0.095885 -0.272476 -0.167513 0.057523 -0.125281 0.073608 0.024549 -0.109600 0.052500 0.158081 0.155952 0.143933 -0.093402 0.090999 -0.054476 0.067684 0.010543 -0.091699 -0.561092 -0.097091 0.032355 0.078243 0.060301 -0.171793 -0.327583 0.091860 -0.299297 0.009379 -0.040494 -0.147072 -0.130433 -0.095569 -0.032243 -0.014766 -0.114010 0.068201 0.012440
0.060068 -1.294640 -1.689037 -0.143602 0.020018 0.375797 0.816349 -0.825191 -0.155649 0.897616 -0.141769 -0.012621 -0.444145 -0.007523 0.005670 -0.017121 -0.215149 -0.043077 -0.194150 -0.044729 -0.452594 0.358679 -0.189533 0.279930 -0.265776 0.217694 -0.096131 0.286442 -0.134436 0.103219 -0.191007 0.114228 0.152288 -0.029898 0.045423 0.068318 -0.216675 0.116665 -0.075026 -0.037144 -0.149773 0.102248 0.005143 0.012384 0.031926 0.351420 -0.005800 0.025054 0.127388 -0.039106 -0.107192 -0.010168 -0.065430 -0.011213 0.004037 0.004029
-1.815534 -0.710245 -0.369057 0.303656 0.235813 -0.081027 -0.129324 -0.337366 -0.091095 0.281573 0.510548 -0.251266 -0.453012 0.241478 0.285020 -0.427689 0.175088 0.176328 0.120432 0.095963 -0.075004 0.112722 -0.104122 -0.094297 0.124490 0.099767 -0.097669 0.152654 0.308773 -0.084876 -0.026284 -0.275546 -0.100031 0.038368 0.079979 -0.223335 0.149767 -0.012880 0.051237 0.130852 0.126496 0.144068 0.032091 0.120293 0.012703 0.011747 -0.031076 -0.108056 -0.068754 0.013829 0.084233 -0.063374 -0.040791 0.040128 0.064803 -0.049785
0.191970 -0.188069 -1.139498 -0.008761 -0.028993 0.849384 0.418802 0.760350 -0.565481 0.253158 -0.254578 0.551023 -0.119010 0.019356 0.136227 -0.088839 0.296309 0.314027 -0.255874 0.281925 0.063338 0.281833 -0.073606 -0.060568 -0.436489 -0.133569 -0.470442 -0.222922 -0.240275 -0.204403 0.192470 -0.313312 -0.173382 -0.090245 -0.120166 0.064856 -0.020985 -0.101602 0.133689 0.143049 -0.147049 0.131916 -0.145377 0.070785 -0.018056 -0.101845 0.012620 -0.062138 -0.015055 0.049129 -0.026035 0.066534 -0.030299 -0.058326 0.029755 -0.004763
-0.642125 -0.852341 -1.381093 0.127395 -0.167411 0.386970 0.528041 -0.542967 -0.076481 0.382973 0.061033 -0.119610 -0.028217 0.018485 0.016824 0.177064 -0.197942 0.149977 0.272087 0.155473 -0.220804 0.144339 0.060215 0.004065 -0.114320 -0.046207 0.275125 -0.265192 -0.099610 0.190956 -0.080992 -0.136150 -0.203391 -0.051130 0.104377 0.072782 0.149125 -0.140260 0.208028 0.010018 -0.017741 -0.271481 0.126115 0.004108 0.201088 -0.118862 0.133393 0.140860 0.131420 -0.054567 0.217459 0.169248 -0.025505 0.106507 -0.039511 0.059560
-0.892632 -0.382861 -1.293088 -0.337810 -0.288614 0.314184 0.701628 0.232450 0.076947 -0.812332 0.143155 0.590032 0.332254 -0.005514 -0.064378 0.466697 0.131935 -0.141972 0.071045 0.247356 0.284503 0.212989 0.245882 0.248354 -0.236429 0.121745 0.383760 -0.227159 -0.132196 0.085976 0.082735 0.363735 -0.014426 -0.153178 0.080029 0.080483 0.212017 -0.045620 -0.118175 -0.012869 0.139085 0.048546 -0.044484 0.039559 -0.194446 -0.010193 -0.052454 -0.045028 -0.094346 0.041525 -0.027802 -0.014173 0.035131 0.026726 -0.032182 0.053380
0.190950 -0.589758 -0.697685 -0.547577 -0.154089 -0.227799 0.223135 -0.512941 0.185070 -0.106867 -0.637405 0.309602 -0.169721 0.432050 -0.066307 0.284144 0.053699 -0.112293 -0.166762 -0.309551 0.020951 0.246117 -0.088157 0.361350 0.105949 0.045684 0.213473 -0.010928 0.026086 -0.122391 -0.001768 0.042965 0.244274 -0.208946 0.051950 -0.366181 -0.059300 -0.077176 0.257108 -0.164947 -0.151555 -0.078739 0.211907 -0.040746 0.051389 -0.197907 -0.050477 -0.141039 -0.155355 0.088565 0.057457 -0.101488 0.004980 -0.038828 -0.011812 -0.012305
-1.779811 0.270250 0.251368 -0.332291 0.488315 -0.066559 -0.150498 -0.476924 0.042308 0.084535 -0.339819 -0.393743 0.102578 0.156081 -0.263788 0.231925 -0.020947 0.412780 0.200987 -0.480604 0.083389 -0.484585 -0.214852 0.472350 -0.266254 -0.001887 0.077405 0.122821 0.007198 0.252881 -0.256284 0.203802 -0.239384 0.093440 0.088950 -0.334743 -0.001295 0.006608 -0.202339 0.117134 -0.072995 0.052624 0.168396 -0.017794 0.122460 -0.134978 0.024911 -0.016309 0.044430 0.098418 -0.036632 0.062536 0.105925 -0.006531 0.027248 -0.007719
-1.048467 -0.554936 0.924317 0.528424 0.120637 0.319502 -0.024518 -0.033225 0.531487 0.178744 0.344698 0.260137 0.024882 0.064414 0.110178 0.609746 -0.165994 -0.112566 0.131982 -0.072300 0.364981 0.226697 0.127432 0.095668 0.089902 0.029780 0.219706 0.060277 0.350762 0.076862 -0.092831 0.170380 -0.097056 0.010441 0.099314 0.099185 -0.125750 0.166530 0.155034 -0.406584 0.069434 -0.011867 0.007904 -0.225744 0.168016 0.046154 -0.038540 0.016938 0.014114 -0.016403 -0.053042 -0.125032 -0.117936 -0.019493 0.001363 0.029934
-1.958416 -0.009525 -1.161062 0.098777 -0.145880 -0.519870 -0.057161 0.902892 0.213293 -0.171006 0.002033 0.014966 -0.571482 0.099447 -0.253888 0.237680 -0.368644 -0.454166 -0.227593 -0.295878 0.438526 -0.027170 0.128344 -0.064434 -0.252263 -0.296654 -0.081487 0.029783 -0.046686 0.324994 -0.127767 -0.221912 0.116168 0.078977 0.160113 -0.197646 -0.177505 0.001083 0.166441 -0.013747 -0.009762 -0.095507 -0.056113 0.083954 0.150066 -0.106766 -0.097118 -0.030741 -0.106741 0.093741 0.042116 0.047290 -0.039525 0.031747 -0.007039 -0.054543
-1.790839 -0.567091 0.037719 0.268692 0.315641 0.263835 -0.530130 -0.257258 -0.078998 -0.342261 -0.257549 -0.081323 -0.507512 0.583070 0.237216 -0.297880 0.129184 -0.119834 0.004368 -0.129278 0.178779 0.146583 -0.040818 -0.394544 -0.262256 -0.589220 0.023754 -0.040684 0.128094 -0.010998 0.043149 0.174906 -0.044857 0.012879 -0.014513 0.035547 0.046384 0.044222 -0.184863 -0.061150 0.090993 -0.027720 0.000572 0.055809 0.071575 0.063984 0.083999 0.276775 -0.053482 0.086221 0.036468 0.000232 -0.100715 -0.102892 0.048970 0.023556
-1.772498 0.284525 -0.027546 -0.419572 0.617188 0.058047 0.220631 -0.164706 -0.014081 -0.328495 0.073304 0.533114 0.405936 -0.008355 0.445067 -0.096391 0.055392 -0.064954 0.097823 -0.026018 -0.219122 -0.032406 -0.153976 -0.282834 0.008367 -0.158271 0.018472 0.115301 0.161398 0.029221 -0.010770 0.266244 -0.043474 -0.177153 0.025405 -0.041543 -0.111806 0.263096 0.079714 0.133244 -0.044425 0.005866 -0.002201 -0.148802 0.145708 -0.084991 -0.031454 0.011629 -0.059580 0.059596 -0.097190 0.215822 -0.001822 -0.064118 -0.059925 -0.026132
-1.862513 0.163333 -0.286816 0.752278 0.291962 0.955965 -0.654576 0.433599 -0.416893 -0.284155 -0.123971 0.086747 -0.180052 0.046826 0.503467 -0.597180 0.168054 0.236937 0.267197 -0.192139 -0.148609 -0.081943 -0.178845 -0.025001 -0.219758 0.734900 -0.037839 -0.151566 -0.125157 0.245023 -0.137857 -0.081439 0.005635 -0.051192 0.076916 0.070842 -0.159222 -0.270781 -0.135380 0.098102 -0.042981 -0.116614 0.023094 -0.123436 -0.201124 0.089944 -0.026568 0.047402 0.112213 -0.141195 -0.096604 0.034015 -0.040632 0.009218 -0.038799 -0.033637
-0.995563 -0.656673 -0.163532 -0.532215 -0.385581 -0.570048 -0.474600 -0.688893 0.651654 -0.092736 -0.462093 0.198868 0.112433 0.427592 0.022356 0.191259 0.145384 0.189267 0.059813 -0.069716 0.030120 -0.310664 0.400091 0.188813 0.373538 0.299235 -0.017843 0.090024 0.350326 -0.399552 -0.076849 -0.062850 0.187786 0.041254 -0.141420 0.044479 -0.268819 -0.036020 -0.045139 -0.069950 -0.178388 -0.002120 -0.043813 0.011826 -0.126013 0.159349 0.065570 0.232767 0.137654 -0.036639 -0.137051 0.086283 0.007986 -0.009929 -0.057784 -0.004654
-2.601564 0.024534 -0.558410 -0.288033 0.629973 -0.248913 0.398046 -0.210325 0.223502 0.406352 0.923161 -0.018054 0.199063 -0.146603 0.260076 -0.327808 0.063636 -0.074006 -0.056478 -0.005233 -0.096289 -0.183747 0.018379 -0.249537 -0.350020 0.121879 0.477021 0.511281 -0.351137 -0.321559 0.161349 -0.061177 0.203228 0.079851 -0.306711 -0.041308 -0.166387 0.216471 0.132036 -0.145147 -0.315988 -0.253818 -0.207037 0.043458 0.080221 -0.193465 0.079117 -0.093778 0.007711 -0.142331 0.097210 0.027366 0.022332 0.001035 -0.006177 -0.051047
-2.630085 -0.958495 -0.697143 0.443082 0.163189 -0.495105 -0.026433 -0.168928 -0.066615 0.306829 1.216801 -0.072471 -0.804987 0.186786 0.310720 -0.190954 0.388377 0.342664 0.079746 -0.297448 0.352160 0.179941 0.173632 -0.124023 -0.062574 0.080127 0.094959 -0.116537 -0.047027 -0.077884 -0.197209 0.063752 0.182427 -0.190179 -0.040116 0.034335 0.050236 0.018478 -0.114527 -0.140127 -0.124218 -0.070511 0.177583 0.074368 -0.125846 -0.105410 0.018702 -0.170061 0.120139 0.115068 -0.048072 -0.023964 0.073590 0.018862 -0.033230 0.044477
-2.653044 0.000281 -0.369355 -0.095542 0.742296 0.187971 -0.243560 -0.329202 -0.165865 0.326567 -0.235479 -0.276913 0.271090 -0.286846 0.239191 -0.438821 -0.003243 -0.447703 -0.013567 0.424684 -0.229342 0.531789 0.108545 -0.672200 0.407999 0.169749 0.172999 0.203641 -0.337733 0.013082 -0.310741 0.106187 0.094116 -0.251273 -0.033562 -0.054653 -0.189275 0.065885 -0.161894 0.071151 0.092749 0.357961 -0.000469 -0.141341 0.030825 -0.047948 0.024231 0.197585 -0.167912 0.021265 0.001176 -0.066477 0.075321 0.050816 -0.043456 0.041386
-1.775812 -0.171384 -1.274094 -0.104984 -0.175742 0.409187 0.432395 0.106986 0.773335 -0.696341 0.163901 0.175421 0.160096 -0.053606 0.308317 -0.032747 0.001219 -0.021664 0.134798 -0.173163 0.090737 0.096244 -0.705287 -0.176171 0.932394 -0.116308 -0.399879 0.027171 -0.015770 -0.158718 0.050227 -0.056892 -0.176705 0.130672 -0.168702 -0.044007 0.413413 0.022840 0.049000 0.124668 0.006715 -0.084470 0.123052 0.042231 0.048847 0.146211 -0.031629 -0.078868 0.061027 -0.001678 0.069864 -0.077894 -0.027521 0.001097 0.042313 -0.024857
-0.802596 -0.410948 -0.840880 0.394775 -0.151148 -1.268152 -0.661091 0.664848 0.129295 0.383360 0.317738 -0.418683 0.359456 -0.177667 -0.131730 0.352160 -0.405149 0.398572 0.696232 0.522607 -0.123495 -0.177858 -0.099960 -0.017359 0.183691 -0.038538 0.277260 -0.427876 -0.253008 0.211755 -0.091470 0.069110 -0.097795 0.095484 0.004649 0.221831 0.096986 0.208426 0.033400 0.018395 0.152647 0.012801 0.058289 0.034785 -0.028162 0.080054 0.002119 0.186705 -0.021525 -0.019443 -0.030821 -0.042470 -0.068584 -0.018461 0.026886 -0.054034
-1.033206 0.000871 0.603160 1.243294 -0.023917 0.247731 -0.065586 -0.612733 0.038410 0.060663 0.447813 -0.439523 -0.292161 -0.503034 -0.081072 0.128069 -0.125248 0.212464 0.036400 -0.077680 0.444608 -0.359785 0.131696 0.061793 0.176435 -0.150602 -0.255684 0.063901 -0.390454 -0.186983 -0.071360 0.077244 -0.005247 0.239553 0.065875 -0.017063 -0.050660 0.169918 -0.147368 0.102675 0.071924 -0.033545 -0.276774 0.071441 0.342453 0.245371 -0.053514 -0.027000 -0.064732 -0.165516 0.034481 -0.019970 -0.032271 0.015052 0.006021 0.030933
-2.651155 -0.008326 -0.454568 -0.180159 0.589042 -0.016307 -0.133059 -0.277779 -0.096584 0.607780 -0.120936 -0.642228 -0.130278 -0.159455 -0.233136 -0.179128 -0.016217 -0.474498 -0.561002 0.204325 0.308012 -0.105672 0.023619 0.188996 -0.197706 -0.141836 0.011691 0.102835 0.292290 0.170641 0.123432 0.440126 -0.593270 0.199646 -0.037106 -0.035903 0.217930 0.083772 0.040278 0.229059 -0.227448 -0.204634 0.004356 -0.024655 -0.114920 0.122166 0.049819 0.015052 0.074860 -0.097265 0.058010 -0.058935 0.028096 -0.036700 0.073709 0.036593
-1.521640 -0.883623 0.045186 -0.693913 -0.601810 0.498843 0.300924 0.265102 -0.398414 -0.879520 0.132838 -1.389307 0.115855 0.036793 -0.501010 -0.212674 0.323080 0.317710 -0.035362 -0.095867 0.168094 0.219909 -0.342841 -0.062447 -0.108714 -0.305910 0.160625 -0.107389 -0.338237 -0.042313 0.008771 0.029115 -0.116266 0.073987 -0.004705 -0.127921 -0.173451 -0.011803 0.048136 -0.093677 0.022066 0.066829 -0.055074 -0.052729 -0.166734 -0.060000 0.010471 -0.030220 -0.021045 0.010061 -0.097430 0.022747 -0.008517 -0.009326 -0.044641 -0.001313
-2.688366 0.130064 -0.319975 -0.326429 0.726679 0.024094 0.378865 -0.404247 0.029853 0.607491 0.277610 -0.313707 0.305714 -0.025230 -0.239201 -0.308014 -0.018943 -0.046940 -0.121254 0.400647 -0.238144 -0.374502 -0.111141 0.440323 0.047302 0.031496 -0.241924 -0.338411 0.338042 0.015164 0.356415 -0.123738 0.056832 0.069810 0.258412 0.034274 0.163888 0.026812 0.055223 0.059817 0.160640 0.114108 0.159367 -0.160279 -0.069217 0.100924 -0.138284 -0.104667 0.067496 0.073709 -0.094316 0.010012 -0.014477 0.005051 -0.011117 0.048218
-1.400583 0.311825 0.401193 0.230745 -0.861880 0.045214 -0.123104 -0.403002 0.342155 0.610568 0.831638 -0.099911 0.664439 -0.359071 0.211686 0.043006 -0.212200 -0.075263 0.448379 -0.386264 -0.110828 0.633487 0.229428 0.236643 -0.136807 -0.124200 -0.261451 0.103232 0.256934 0.359154 -0.265678 0.020186 -0.185010 -0.010438 0.052418 0.180369 -0.059176 -0.152032 -0.155090 0.154454 0.032519 0.103370 -0.105992 0.119387 -0.145556 0.028445 -0.082572 -0.171386 -0.138739 0.063085 0.076221 0.048103 -0.017428 0.031398 -0.009162 -0.017711
-1.720958 -1.098971 -0.605818 -0.008937 -1.094173 0.194890 0.256367 -0.365371 0.108841 -0.367666 -0.112257 0.226111 0.391668 0.151989 -0.634459 -0.458269 0.214834 0.457921 -0.031795 0.899922 0.364918 -0.390308 0.561979 -0.352212 -0.075848 0.130914 -0.170495 0.246271 0.156682 0.166500 0.053948 -0.041551 0.023222 -0.015114 -0.039537 -0.230434 0.127213 0.230052 -0.165079 0.107718 -0.112118 -0.096635 0.011969 0.066007 0.003759 -0.055837 -0.055589 -0.037445 -0.023711 0.026354 0.005100 -0.046117 0.014860 0.037009 -0.011600 -0.046393
-1.348652 0.192468 0.218033 0.090695 -0.923972 -0.077390 -0.161429 -0.744519 0.135973 0.806195 -0.299011 -0.500902 0.012755 0.630256 -0.307132 -0.210706 -0.238979 -0.263041 0.758978 -0.524713 0.124093 0.133796 0.055446 -0.349757 0.081997 -0.097914 0.084444 0.010656 -0.282546 -0.322334 0.257901 -0.252172 0.153796 -0.194460 -0.008736 0.051140 0.178095 -0.068153 0.286961 0.122513 -0.006933 -0.068004 -0.012144 0.096972 -0.131802 0.069943 0.045110 -0.051796 0.055556 -0.072971 0.002148 0.006320 -0.015588 -0.063939 0.008559 -0.001192
-1.899841 -0.364028 0.815004 0.501515 0.163973 0.677412 0.189744 0.160808 0.679775 0.754285 0.183052 -0.409766 -0.352713 0.456039 -0.224647 0.140014 -0.183697 0.228536 -0.328081 0.337869 -0.542003 -0.274528 -0.570056 0.027708 0.153223 0.200846 -0.199775 -0.020843 -0.072594 0.062628 0.072033 -0.041354 0.179362 0.208423 -0.231919 0.140941 0.028910 -0.062979 -0.144794 -0.444351 0.056743 -0.077041 0.071453 0.141023 0.080680 -0.114140 -0.031852 0.127291 -0.066411 0.258681 0.070838 0.070533 -0.058271 0.017670 -0.020235 -0.000855
1.093089 -0.322498 -0.636208 0.239722 0.389204 0.979912 1.126526 0.392286 -1.466856 -0.459050 0.498568 0.280414 -0.470132 -0.106576 0.275636 -0.042786 -0.104823 -0.252187 -0.193705 0.205419 0.162351 -0.005033 0.301604 -0.297490 -0.020911 -0.201545 -0.151732 0.160939 0.381594 0.081288 0.080386 -0.195759 0.016789 0.114776 0.085019 0.170672 0.049893 -0.008517 -0.008259 -0.051088 0.179214 -0.150874 -0.041592 -0.029025 0.143077 0.132736 -0.024912 0.016247 -0.015014 -0.071325 -0.021057 0.040894 0.036704 0.015759 -0.040825 -0.000162
-0.758633 -0.284358 -1.049246 0.535705 -0.250993 1.404780 -0.435532 0.363586 -0.410379 -0.083398 -1.253054 -0.058718 0.060167 -0.196659 -0.060149 -0.003348 -0.033118 -0.450791 -0.232258 -0.244945 0.305680 0.019792 0.058670 0.113489 0.123373 0.063251 0.053367 0.159259 0.082460 -0.105834 -0.123493 0.092081 0.238493 0.024293 -0.413663 0.151978 0.093673 0.106449 -0.033202 -0.222409 0.000952 -0.052528 -0.003858 0.213616 0.045888 0.053638 0.038813 0.063183 0.069635 0.043594 0.072302 0.001009 -0.025215 0.040286 0.019787 0.022022
1.275318 -0.339940 -0.673516 -0.403077 -0.137261 -0.079760 -0.416893 0.308052 -0.018348 0.179549 -0.200948 0.034725 0.227647 -0.226643 0.490001 -0.068658 0.242852 0.155964 0.112973 -0.314618 0.127953 -0.212680 -0.032851 0.059704 -0.234491 0.145263 -0.203028 0.083097 -0.026118 -0.155756 0.078835 0.043240 -0.117531 -0.249182 0.188855 -0.204805 -0.157446 -0.015032 0.040368 0.243645 0.200628 0.066983 0.014128 0.154503 0.059380 0.144312 0.023720 0.155029 0.005669 0.054550 0.087125 0.011408 0.005297 0.081336 -0.018051 -0.006883
0.963064 -0.206585 -0.372187 0.902184 0.298250 0.435083 0.187963 0.911306 0.264941 0.324288 -0.110735 -0.001471 0.327582 -0.222199 -0.262264 -0.240833 -0.078369 0.581313 0.165328 -0.144386 -0.157409 0.112090 0.063330 0.194038 0.100328 -0.530007 -0.093411 0.317257 -0.148033 0.290267 0.273417 0.270184 0.056736 -0.238525 -0.131749 -0.343147 0.037133 -0.091259 -0.013231 -0.086909 0.004802 0.048985 0.161022 -0.065597 -0.027739 0.010696 0.155241 0.020884 0.098925 -0.130840 0.036783 -0.058631 -0.063444 -0.003979 -0.059927 0.032453
-2.629075 0.386835 0.107052 -0.338525 0.838553 0.411795 0.126855 -0.376713 -0.196178 -0.417923 -0.438932 0.038335 0.564874 -0.125060 0.319593 -0.241463 -0.065422 -0.020524 0.321727 -0.266094 0.377931 -0.482682 -0.439264 0.520707 -0.176683 -0.205290 -0.154944 -0.150483 0.078007 0.143099 -0.010129 0.041483 0.283574 -0.192370 -0.060505 0.317528 -0.122392 0.030688 0.206424 -0.208115 0.123907 -0.109472 -0.232037 0.289094 -0.080967 0.038260 0.028259 -0.041819 -0.053095 -0.064621 -0.048432 -0.048408 0.073511 0.029912 0.034053 -0.006853
-2.683425 0.414913 0.019513 -0.416423 0.771378 -0.454418 0.159914 0.160417 -0.198875 0.069303 0.207574 0.098611 0.231355 -0.063368 -0.280896 0.079548 0.205341 -0.105347 -0.011389 -0.266128 0.405801 -0.067754 -0.045716 0.205059 0.361476 -0.185231 -0.362908 -0.580841 -0.202921 -0.057154 -0.023409 0.006693 0.283173 -0.246561 -0.056135 0.173622 0.082584 -0.005398 0.100766 0.022685 0.111758 0.018831 0.076703 0.004212 0.183014 0.040295 -0.102699 -0.173953 0.020695 0.028258 -0.104715 0.197103 -0.020046 0.005128 -0.073100 -0.003679
-3.305287 1.156195 0.474726 -0.170379 -1.213044 -0.803312 0.289195 0.651765 -0.457956 -0.268598 -0.103936 0.648308 -0.488873 0.114863 -0.333992 0.752770 0.084479 0.403502 0.053567 -0.175908 -0.338057 0.181674 0.025978 -0.309496 0.201998 -0.003465 -0.042621 0.101485 -0.292522 -0.021864 -0.122224 0.164613 -0.119547 0.132148 0.001251 -0.107759 0.071530 0.124436 -0.096791 0.105067 0.017635 0.009559 0.055036 0.010529 0.199956 0.182252 -0.044672 -0.042803 0.054434 -0.012189 -0.088284 0.087039 0.049291 -0.027398 0.027567 0.013289
-2.392008 0.795246 0.313389 -0.104231 -0.977016 -0.602158 0.132712 0.343173 -0.415361 0.049473 0.013308 0.129914 -0.544108 0.041111 -0.136435 0.422549 -0.027963 0.352466 -0.030455 -0.052744 -0.039985 -0.259424 -0.006089 0.255499 -0.665495 -0.063819 0.249188 0.219794 0.165421 -0.072427 0.366699 -0.090671 -0.006224 0.199074 -0.130008 0.298111 0.121499 -0.056575 -0.004936 -0.111173 0.025461 -0.097140 -0.079479 -0.074526 -0.288214 -0.022687 -0.022941 -0.009188 -0.052439 -0.012807 0.027094 -0.116603 -0.025038 0.033803 -0.023174 0.003963
-2.607027 0.511858 0.230731 -0.486336 0.589363 0.107173 0.314910 -0.064912 0.078520 -0.436365 -0.268284 0.898189 0.304688 0.451339 0.116972 0.427711 -0.067987 0.198477 0.351390 -0.264015 -0.815341 0.138033 0.024004 -0.428043 -0.219710 -0.115586 0.036518 0.395815 0.018803 -0.086812 0.141408 -0.472118 0.167742 -0.034227 0.228112 0.052723 0.053262 0.101718 0.157097 0.025220 0.224020 0.116408 -0.034889 0.058346 -0.072006 0.069534 -0.024221 0.019290 0.037018 0.055325 0.076021 -0.076879 -0.009584 0.054240 0.072618 0.039395
-2.655041 0.429528 0.102769 -0.379622 0.645017 -0.563912 0.066518 0.269777 -0.355859 0.167295 0.161270 0.097097 -0.022137 0.009893 -0.510325 0.366363 0.220358 0.055361 -0.094675 -0.296180 0.269961 0.097225 0.510615 0.153077 -0.281955 -0.020090 0.159155 -0.229594 -0.470910 -0.126435 -0.053695 -0.128531 0.122758 0.149509 -0.078510 -0.045754 -0.049355 -0.510769 -0.415159 -0.175426 0.119763 0.184318 0.012456 0.058100 0.144294 0.096789 0.055340 0.153345 -0.020288 -0.026093 0.053589 -0.034790 0.064532 0.014635 0.033146 -0.010927
-2.616801 0.469007 -0.127118 -0.467142 0.660532 -0.775603 0.171661 0.392713 -0.436328 -0.112662 0.272867 0.732521 0.075929 -0.348278 0.149559 0.350028 0.330504 -0.092239 -0.210939 -0.153810 0.107144 0.230670 0.222315 -0.017424 0.280404 0.226240 -0.036009 -0.140049 0.256966 0.032613 -0.126712 0.340710 -0.293459 -0.098424 -0.029088 -0.034817 0.004633 -0.195419 0.123440 -0.062974 -0.064637 -0.094709 0.046223 0.042505 -0.154595 0.029503 0.114514 0.225702 0.040856 0.020885 0.075200 -0.073154 -0.165395 -0.094769 0.049243 -0.080589
-2.390815 0.782457 0.219450 -0.163157 -0.984194 -0.494076 0.370209 0.258761 -0.212386 0.041878 0.207210 0.242618 -0.450839 -0.153478 0.038515 -0.044744 -0.003777 0.067251 -0.072697 0.087466 0.137850 -0.025409 -0.226719 -0.244797 0.386456 -0.074749 -0.375854 -0.324385 0.003443 0.149506 -0.105904 0.270230 0.198622 -0.359873 -0.030451 0.305241 -0.222320 0.390120 0.119091 0.039035 -0.216938 -0.114145 -0.099117 -0.155724 -0.139714 -0.170474 0.060210 0.093449 -0.041552 -0.079603 0.044279 -0.072292 0.014464 0.035352 -0.007874 0.041419
-1.488523 0.988285 0.532073 0.508792 -1.148852 0.231158 0.006286 0.101685 0.141261 -0.456625 0.211129 -0.279756 0.728048 0.098636 -0.324290 -0.306670 0.165802 -0.114919 -0.348282 -0.137635 0.168171 0.123427 -0.089485 0.175054 -0.086218 0.672929 -0.174090 0.268052 -0.078718 0.096721 0.135710 -0.016045 0.207826 -0.198307 0.086021 -0.039075 0.159205 0.077783 -0.016415 0.020600 -0.178966 0.034725 -0.008674 0.172148 0.061858 0.069703 0.069349 0.143924 -0.027044 0.034190 0.106247 0.083213 0.003472 -0.027639 0.020711 -0.007030
-1.896836 -0.007029 1.243141 0.239669 0.165087 0.532323 0.516248 0.489555 0.919789 -0.187452 0.160476 0.530688 0.057852 0.469636 -0.171480 0.248678 0.017321 0.027221 -0.202443 0.188298 -0.147936 -0.038553 -0.120019 0.046293 0.095654 0.229112 0.113110 0.166417 -0.183125 0.050105 -0.257209 0.074815 -0.530656 0.083825 0.104908 -0.327880 -0.023043 -0.077960 0.259897 0.111799 0.080200 -0.073710 -0.207670 0.307304 -0.073392 -0.042457 0.065049 -0.039878 -0.057853 -0.165067 -0.117707 0.007496 0.081882 0.007800 -0.050254 0.032799
-2.314712 0.812917 0.543265 0.053632 -0.901973 0.245555 -0.053321 -0.168031 -0.656497 0.020019 -0.895458 -0.198278 -0.383877 -0.184861 -0.008602 -0.193298 -0.147798 0.010629 0.077972 0.314162 -0.141017 0.222450 0.180566 0.131676 0.309836 0.107777 -0.209362 -0.308972 0.298256 0.147732 -0.244017 -0.060536 0.014616 0.030504 0.442417 -0.303462 -0.426663 -0.038603 -0.061273 -0.208813 -0.171016 -0.031998 -0.011304 0.117964 0.062723 -0.132251 0.096127 -0.117819 0.187493 0.000144 0.042412 -0.004297 0.072594 0.013062 0.067186 0.005191
-2.575917 0.371429 0.234964 -0.070359 0.626055 -0.221704 -0.581395 0.108191 -0.978754 0.136835 -0.927885 -0.512989 -0.037416 -0.194983 -0.259142 0.571866 0.021148 0.370497 0.146685 0.081342 -0.119591 0.154905 -0.043707 0.164710 0.199149 0.329351 -0.203678 0.305753 0.303128 0.059178 -0.018365 -0.387105 -0.193388 0.110578 0.041300 -0.039131 0.118285 0.048815 0.217788 -0.014844 0.085732 0.014015 -0.137709 0.035258 -0.080789 -0.031832 -0.026255 -0.019353 -0.116130 -0.040998 0.022962 -0.009995 -0.067131 0.017230 -0.111641 0.018191
-2.342723 0.798443 0.323018 -0.049311 -0.916381 0.201387 0.353961 -0.088236 -0.213643 -0.255127 -0.400005 0.181051 -0.137217 -0.301040 0.409934 -0.416798 -0.146919 -0.135325 0.169694 0.062235 0.209673 -0.141595 -0.180181 0.392543 -0.156402 0.212900 0.530926 0.457877 0.022166 -0.172858 -0.230024 -0.034628 -0.130774 0.182062 -0.595806 0.087029 0.266073 -0.038048 -0.082140 0.202504 0.127427 0.175140 0.266531 -0.252276 0.191376 -0.038648 -0.101488 -0.044972 -0.003120 0.080035 -0.061713 0.085054 -0.100167 -0.027350 -0.031931 -0.005361
-1.798630 -0.118342 1.331179 0.439281 0.126536 0.764724 -0.071160 0.229395 0.481097 0.147063 -0.564454 -0.275152 -0.228802 0.650104 -0.465797 0.125894 -0.069667 -0.124692 -0.146464 0.000547 0.393351 0.035113 0.305030 0.084601 -0.283231 -0.279416 -0.088581 -0.106436 0.151403 0.038095 -0.090006 -0.268649 0.224398 -0.496804 -0.034681 0.280434 0.124769 0.147684 0.020347 0.460781 -0.026018 0.201607 0.166427 -0.327026 0.006344 -0.055558 0.043962 0.098010 -0.005977 -0.098630 0.027720 -0.086787 0.063276 0.023118 0.026091 -0.050135
-1.186495 1.869418 -0.146349 -1.294152 0.204406 0.742718 -0.689373 -0.314434 0.810633 -0.443013 0.299280 -0.640588 -0.401087 -0.392790 0.429685 0.441179 0.002849 0.185370 0.077599 0.146861 -0.005981 -0.104580 0.352206 -0.175565 -0.146399 0.100433 0.117881 -0.396614 -0.038041 -0.029260 0.085271 -0.237605 -0.211507 -0.088873 -0.128667 0.028595 0.015261 0.048109 0.123581 0.013368 -0.258352 -0.036465 0.055695 0.062473 0.094550 0.062404 0.005889 0.021372 -0.057074 0.067997 -0.007733 -0.047286 -0.026368 0.014203 -0.026385 0.001919
-1.758311 0.701084 0.893751 -0.329887 0.570377 0.829198 -0.429640 0.229036 0.365709 -0.045978 -0.104270 0.397252 0.538849 0.201131 -0.559110 -0.269254 -0.074425 -0.277559 0.169298 0.208670 -0.289155 0.448866 0.461853 -0.261189 0.186931 -0.165593 0.005360 -0.268074 -0.166165 0.030004 0.093744 0.006971 0.221256 0.353382 -0.107567 -0.038330 0.093538 -0.031333 -0.294797 -0.118658 -0.172606 -0.186970 0.083038 -0.087190 -0.056586 0.018806 -0.097349 -0.230589 0.107789 -0.017018 0.034771 -0.036098 -0.057771 -0.009952 0.019046 -0.000298
-0.620012 -0.180695 1.102020 1.428624 0.302543 0.103564 -0.345539 -0.396549 0.298907 -0.371102 0.322173 0.409792 0.075262 -0.535602 0.204175 0.154064 -0.004471 0.102076 -0.466919 -0.121839 -0.015738 -0.172456 0.143388 0.002413 -0.039118 -0.185176 -0.093118 0.010562 0.025832 -0.043114 0.184716 -0.040415 -0.030543 0.034629 0.188809 -0.098001 0.005280 -0.045085 0.038480 0.093694 0.031583 0.016115 -0.022697 -0.246543 -0.232359 -0.241026 0.024019 0.095181 0.257831 0.097582 0.166967 0.240699 -0.068530 0.023950 -0.014871 -0.004562
0.119395 -0.179964 0.929811 0.978820 0.410657 -0.120876 -0.075268 -0.321399 -0.051168 -0.030928 0.092692 0.619268 -0.031886 -0.335314 0.144344 -0.071359 0.046346 0.186637 -0.530926 -0.011155 -0.202085 0.122554 -0.149805 0.077606 -0.216806 -0.157364 -0.230337 -0.021165 0.051333 0.088039 0.126489 -0.205436 0.024132 -0.096899 -0.141028 -0.158170 -0.014588 -0.139849 0.086919 0.014761 -0.443746 0.059945 0.172113 0.043507 0.127535 0.191664 -0.009400 -0.033016 -0.181103 -0.022953 -0.229647 -0.109578 0.080758 -0.034204 -0.018854 -0.008237
-0.635755 -0.926496 0.439893 -0.426366 -0.094599 -0.134074 -1.223143 -0.400862 0.648990 0.252469 -0.718086 0.269807 -0.430783 -0.340812 -0.100101 -0.288312 0.005533 -0.683246 -0.532400 -0.406085 0.007053 0.091707 -0.147279 -0.450302 -0.177891 -0.156650 -0.069024 0.127616 -0.404731 0.321711 -0.118675 0.207169 -0.347789 0.087748 0.002489 0.213052 -0.056559 -0.149310 0.102493 0.004475 0.177782 -0.020277 -0.122160 0.021000 -0.183256 -0.012000 -0.112436 -0.126685 -0.045678 0.059608 -0.064045 0.040442 -0.025736 0.051203 -0.034088 0.001960
-0.304902 -1.215645 1.120329 -0.914131 -0.143674 0.105829 -0.359533 -0.030394 0.044974 -0.163960 0.403352 0.013579 -0.187272 -0.627227 0.137119 0.208783 0.052391 -0.146922 -0.237279 -0.364030 -0.445852 0.020673 -0.080795 0.173759 0.114320 -0.289730 -0.094152 -0.082884 0.384374 -0.173939 -0.081282 -0.160855 0.097332 0.187051 -0.218794 0.035742 -0.175689 0.029529 -0.060955 0.020776 0.115795 0.069364 0.026261 -0.026288 0.211289 -0.053234 0.090486 -0.021242 0.153016 -0.175712 0.041093 -0.003432 0.046851 0.046103 0.045523 -0.034309
-0.354254 -1.113539 0.924985 -0.796033 -0.346765 0.208604 -0.242224 -0.027696 0.080233 -0.699497 0.484588 -0.214058 0.098785 -0.560941 -0.269027 0.117442 0.319943 -0.093448 -0.609600 -0.185867 -0.267115 0.013866 0.035642 0.127447 -0.139108 0.394500 0.123313 -0.024177 0.067751 0.146908 0.151933 0.054851 0.285642 -0.164336 0.224304 -0.088428 0.182744 0.385596 -0.144102 -0.007355 0.068720 0.191956 0.020503 0.093561 -0.021900 0.073105 -0.044854 -0.064795 -0.086690 0.091698 0.125689 -0.049683 -0.058485 -0.022307 0.014856 0.029168
-0.302028 0.763671 0.560372 0.920949 -1.126633 -0.096144 0.012701 -0.006531 -0.310202 0.062594 0.268613 -0.293578 0.725507 0.350610 -0.066895 -0.451322 0.519746 0.042254 -0.150919 -0.554351 -0.267644 -0.740415 0.350390 -0.580451 0.213600 -0.028437 0.056593 -0.145590 0.271947 0.014638 -0.151472 -0.069705 -0.173363 -0.082233 -0.211869 -0.079758 0.047157 -0.260744 0.041731 0.026209 0.150904 -0.181099 0.045051 0.012997 0.038182 -0.059227 0.027878 0.022109 -0.014259 -0.018879 -0.069405 -0.078110 0.039700 0.008720 -0.015770 0.040357
-2.300541 0.731363 0.371954 -0.160308 -0.804040 0.258999 0.594258 -0.185945 0.472502 -0.010619 0.161098 0.193704 0.042436 0.130766 0.174160 -0.782779 -0.161741 -0.596691 -0.268330 0.533975 -0.182221 -0.174242 -0.134355 0.170760 0.003241 -0.291566 0.174587 -0.444601 0.030829 -0.346614 0.463189 0.119512 -0.017463 0.131850 0.255635 -0.148643 -0.151520 -0.309701 0.007595 -0.129624 0.195323 0.134431 -0.060676 0.120023 -0.007900 0.110491 0.047073 0.159093 -0.108614 -0.001829 -0.004255 -0.011610 -0.006459 -0.006167 -0.039919 -0.042284
-1.727270 0.265750 -0.782364 0.065747 0.079080 -0.962019 -0.467915 1.253722 0.987408 -0.518372 0.437342 0.233107 0.502485 -0.041823 0.522775 -0.339842 -0.266895 -0.411720 0.068816 0.093871 0.064273 -0.014082 -0.118719 0.266094 -0.257078 -0.109638 0.223933 0.171226 0.251045 -0.057036 -0.048131 -0.188918 0.046551 0.075702 0.023255 0.088562 -0.209776 0.021141 -0.024968 -0.023923 -0.079411 0.119035 0.068432 -0.070769 0.030936 0.053816 0.060200 -0.032567 0.156077 -0.065453 -0.039014 -0.033655 0.108002 0.036459 0.024523 0.067407
-1.484991 -0.349637 -0.022646 1.223778 0.104591 -0.403390 -1.745813 0.521966 -0.430419 -0.283294 -0.589018 -0.651183 -0.012285 0.321201 0.236286 0.571107 -0.021955 -0.193415 -0.114586 0.422221 -0.349763 0.266977 -0.159756 -0.149840 -0.056130 -0.309627 0.249608 0.039872 0.119529 -0.349839 0.467362 0.210763 -0.016575 -0.002797 0.126335 -0.040425 0.036386 0.094069 0.060615 -0.036876 -0.094683 -0.046722 0.005817 -0.006704 0.072699 0.066053 -0.008140 -0.127310 0.015065 -0.019307 -0.058368 0.084692 0.082527 -0.006821 -0.032474 -0.012106
-0.673120 0.054142 0.747037 1.577532 0.347923 0.061310 -0.485539 -0.270982 -0.710416 -0.425762 -0.309694 0.087175 0.372872 -0.920966 0.687855 -0.218036 -0.257072 0.234020 0.564960 0.457790 0.267060 0.056746 -0.082289 0.124446 0.212186 0.061791 0.278366 0.002328 -0.179873 0.054652 -0.090057 -0.041337 0.103979 0.046124 -0.048770 -0.054854 0.033528 -0.117909 0.029765 -0.125095 0.021338 -0.009810 0.056435 0.042633 -0.056917 -0.147004 -0.022887 -0.085652 -0.083091 0.094202 0.023405 -0.091636 0.046977 -0.024798 0.041838 -0.011498
0.210607 -0.749039 0.169168 -0.667947 -0.029563 -0.612095 -0.373999 -0.528333 0.016753 0.067358 -0.322860 0.578788 -0.282546 -0.469786 -0.034141 -0.226857 0.150486 0.344194 0.093582 0.323084 0.191205 -0.209382 -0.179975 0.106032 -0.124186 0.040359 0.001749 0.026906 -0.434180 -0.102662 0.200584 -0.026836 0.094053 -0.110068 0.244960 -0.095975 0.138115 0.084358 0.063757 -0.057205 0.132710 0.156471 0.041903 -0.003742 0.013965 -0.054455 0.139185 -0.006720 0.178376 -0.111293 -0.009123 -0.006631 0.002089 -0.087585 0.051312 0.037388
2.994523 0.445605 -1.378757 -0.884021 0.004714 0.180507 -1.314231 -0.345212 -0.242549 -0.241612 0.348214 0.454372 0.077630 0.104949 -0.378476 -0.430719 -0.118990 0.217511 -0.050399 -0.217300 0.040604 0.175922 -0.048157 -0.001112 -0.034542 -0.012085 0.039234 -0.085610 0.114279 -0.045099 0.128666 -0.079616 -0.043538 0.197946 0.142892 0.041678 -0.010104 0.180199 -0.145846 0.054949 0.087056 -0.173116 0.179657 0.050341 0.097344 -0.203433 0.178360 0.090615 -0.178156 -0.051105 -0.161485 -0.010557 -0.049533 0.060581 0.001546 0.006820
2.734664 1.030863 -0.108991 0.167529 -1.304737 0.176784 -0.555423 -0.416023 -0.033673 0.215089 0.302483 0.420322 -0.291885 0.349591 0.258596 0.057285 0.260310 -0.208286 -0.148483 0.169091 -0.094250 -0.003618 -0.018931 0.521365 0.206981 -0.073688 -0.006285 -0.034956 -0.319809 0.283403 -0.061760 -0.183091 -0.039667 0.010074 -0.044125 -0.032809 0.235582 0.171065 0.031862 -0.092627 0.079277 -0.041384 -0.155373 -0.231232 -0.005687 0.016376 0.351997 -0.049058 -0.194531 0.006106 -0.060001 0.032640 -0.026876 0.065108 0.073717 -0.004010
2.107096 1.587092 -0.205936 -0.776846 0.177864 0.132917 -0.435665 -0.750469 -0.433002 0.519737 0.109735 0.380710 0.991993 -0.037309 -0.127470 0.142563 -0.866758 0.398947 -0.657311 -0.168609 0.308318 0.000690 -0.092775 -0.216708 -0.063520 -0.023326 0.052338 -0.063031 -0.012095 -0.062330 -0.013139 -0.062845 -0.147421 -0.100424 0.005313 -0.099505 0.012016 0.072246 -0.009536 -0.166550 0.051089 0.007620 0.017619 -0.047283 0.063946 -0.005689 -0.243763 0.069360 -0.000428 -0.155970 0.119552 -0.045504 0.006204 -0.047054 -0.048135 0.018062
2.773636 1.027284 -0.134893 0.276221 -1.221156 0.214366 -0.472481 -0.356435 0.141054 0.135420 0.284018 0.404014 -0.370879 0.052956 -0.255272 0.088453 0.460005 -0.187493 0.175097 0.265621 -0.056927 0.010402 -0.339287 0.212258 -0.032454 -0.102782 0.088435 -0.014335 0.100105 -0.011101 -0.205869 -0.009733 -0.081492 -0.174572 -0.039211 0.105913 0.042035 -0.092247 0.158950 -0.105180 -0.118722 0.262629 -0.077769 0.137276 0.125824 -0.175569 -0.404381 0.190165 0.083375 -0.144180 0.055699 -0.021325 0.031111 -0.005199 -0.009435 -0.005152
2.960995 0.278632 -1.368547 -0.787766 -0.093996 0.183809 -1.355369 -0.265750 -0.239202 -0.425703 0.422939 0.401769 -0.117860 0.296498 -0.241278 -0.404555 0.103981 0.029456 0.174058 -0.044616 -0.171870 -0.051780 0.148130 0.189844 -0.009036 -0.113802 -0.130239 -0.053680 0.000396 0.160624 -0.121340 0.051955 0.034247 0.047982 -0.108593 -0.108330 0.139183 -0.069680 0.148295 -0.094014 0.044054 0.164380 -0.208286 -0.115234 -0.000772 0.216271 0.028602 -0.118171 0.153528 0.060343 0.227899 -0.040519 0.105577 -0.110320 -0.118412 -0.021437
0.981823 -0.917716 1.129148 -0.990831 0.054554 -0.264179 0.012633 -0.378317 -0.199414 -0.323450 0.539877 -0.216134 0.157640 0.343216 -0.585668 -0.336560 0.017317 0.095682 -0.234032 0.375190 0.123691 0.358907 -0.003004 -0.094787 -0.006531 0.254006 0.019530 0.326961 0.051924 0.291742 -0.280091 -0.052237 0.075284 0.086662 0.049941 0.361710 0.000710 -0.138592 0.379585 -0.121860 0.231366 -0.031805 0.073507 0.028859 0.058738 -0.009711 0.054895 0.054136 0.096737 0.030602 -0.124612 0.048524 0.010041 -0.025147 0.047453 -0.013397
0.566791 -1.695914 1.144329 -0.723214 0.258774 -0.597104 0.242758 -0.434283 0.030228 -0.076704 -0.078361 0.316581 0.013265 0.301243 -0.051884 0.159513 -0.505250 -0.268584 0.555866 0.263793 0.026694 0.284918 -0.188283 -0.035677 -0.295195 0.256251 -0.187775 -0.412957 0.163138 0.294915 0.204797 -0.015417 -0.215093 -0.005095 -0.488467 -0.108824 -0.021027 0.082715 -0.302992 0.099128 -0.133124 0.146430 -0.167032 0.097989 0.050642 -0.065161 0.088403 -0.062223 0.020281 -0.063638 0.058446 0.023873 0.008716 0.028030 -0.032824 -0.013373
1.910672 -0.065621 0.456337 -0.390040 -0.794440 0.278348 0.081338 0.182747 -0.290422 -0.402207 0.266617 -0.226031 -0.188968 -0.008077 0.053715 0.010469 -0.439661 0.133574 0.062594 -0.053478 0.015046 -0.123714 -0.021955 -0.115444 0.132001 0.062924 0.055161 -0.125505 -0.072290 -0.102960 0.080048 0.066144 -0.050653 0.416956 -0.076470 0.238999 -0.370142 -0.093248 0.178420 0.252727 -0.253302 0.137977 0.038072 -0.082362 -0.022266 0.081698 -0.082484 -0.021708 -0.095878 0.089815 0.166890 -0.020326 0.086444 0.022952 0.032204 0.031493
1.833904 -1.247919 0.212075 -0.905993 -0.110621 0.430290 -0.022149 0.899150 0.040442 0.166255 -0.063497 -0.288759 0.309107 0.324192 0.164323 0.111717 0.079402 -0.079676 -0.000547 -0.189541 0.021833 -0.028644 -0.156460 -0.169088 -0.021229 0.288106 0.178962 -0.209816 0.094456 0.124698 0.053400 -0.038851 -0.122861 -0.026226 -0.024134 0.022252 0.009804 0.146492 -0.053873 -0.207402 0.068092 0.213137 -0.041282 -0.016993 0.063784 -0.107364 0.110385 -0.150208 0.094290 -0.220604 -0.070642 -0.043809 -0.161156 0.008841 -0.046591 -0.037681
0.801664 -1.219155 0.545565 -0.278901 0.359881 -1.441700 0.703373 -0.561940 0.039605 -0.564611 -0.797403 -0.142368 -0.150126 -0.100188 0.150496 -0.729132 0.334488 0.376923 -0.055159 -0.108222 -0.047431 -0.176516 0.177129 -0.272356 -0.157023 0.153677 0.129559 -0.325083 -0.099691 -0.158644 -0.023775 -0.178544 -0.350540 0.071588 0.149328 0.247341 -0.069849 0.059384 0.035171 -0.083353 -0.044481 0.048301 -0.132317 -0.159375 0.102498 0.099834 -0.043152 -0.091455 -0.032471 0.019252 0.053974 -0.012314 -0.095553 -0.007176 0.022109 0.013524
0.445267 -1.708755 1.243131 -1.191358 -0.064019 -0.188201 -0.129043 -0.173029 0.041585 0.281435 0.060309 0.391353 -0.097503 -0.383009 0.092413 0.024388 -0.193473 0.145255 0.321771 0.377150 0.013171 0.265043 -0.056240 0.278162 0.044584 -0.294944 -0.059813 0.172523 -0.166753 0.009694 -0.000264 -0.081178 0.195223 -0.102694 0.082862 -0.047984 0.090662 -0.292028 0.041574 0.190259 -0.159270 -0.474815 0.107622 -0.087231 -0.069084 0.154123 -0.135136 0.154554 -0.110349 0.000021 0.013573 -0.013203 0.016295 0.022383 -0.053944 -0.007596
1.867468 -0.967079 0.175541 0.144136 0.255010 0.001974 0.046648 0.111774 -0.033356 -0.659742 0.184722 -0.409067 0.249404 -0.077103 -0.078553 0.132171 -0.324350 -0.238830 -0.268894 0.024618 -0.260263 0.271835 0.047770 0.442429 -0.150922 0.087530 -0.431132 -0.068757 -0.443060 -0.431791 -0.179130 -0.193814 -0.112941 -0.056869 -0.256042 -0.145317 -0.239107 0.194947 -0.035543 0.257578 0.351052 -0.410145 -0.102214 -0.052658 -0.037601 -0.178283 -0.128314 0.122805 0.231035 0.161347 -0.073549 -0.195131 0.017673 -0.033718 0.006247 -0.002341
1.102145 -0.161482 -0.663294 0.548293 0.190062 -1.213112 0.636315 -0.508963 0.133775 -0.735169 -0.259739 -0.510319 0.173762 0.192236 -0.195677 -0.151306 -0.145311 -0.100858 0.071142 -0.127234 -0.433199 0.259739 0.095790 0.156705 0.055953 -0.227876 0.006200 0.265852 0.292972 -0.039697 -0.252277 0.225310 0.133148 -0.088850 0.141421 0.187187 0.164364 -0.045561 -0.185141 -0.070728 0.109012 -0.246535 0.034931 0.019166 -0.054047 0.073474 0.049018 -0.003836 -0.110316 -0.081601 0.035818 0.054341 0.111260 -0.014359 -0.023610 -0.030098
1.295980 0.134898 0.584277 0.873193 0.628465 -0.023214 0.204863 -0.255531 -0.436051 0.284508 0.014892 0.359589 0.013729 0.503204 0.062933 0.072180 -0.210844 -0.231214 -0.136151 -0.092532 -0.010254 -0.027437 -0.118705 -0.086838 0.118637 0.326969 0.177952 -0.138030 -0.031830 -0.101254 -0.060353 -0.072214 -0.216363 -0.065530 0.055412 0.383624 0.213646 0.070879 -0.235578 -0.089308 -0.063759 -0.047663 -0.121699 0.046843 -0.077448 -0.070909 -0.076697 -0.077947 0.056458 0.010283 0.048192 0.043469 0.165693 -0.130559 0.033432 -0.003220
2.142481 0.076684 -0.258709 0.047465 0.439409 0.157848 -0.118384 0.122637 0.717120 -0.138078 -0.166369 -0.231230 -0.314905 -0.299765 0.134940 -0.062087 -0.330916 0.501597 -0.227775 0.066554 0.058834 -0.034957 0.418319 -0.157246 0.134143 -0.019111 0.098217 0.050237 0.034754 0.198416 -0.016745 -0.015875 0.080979 -0.165179 -0.018275 -0.069534 0.398397 -0.068108 0.108063 -0.188302 0.039305 -0.061223 -0.376765 -0.093876 0.128596 -0.009347 -0.073873 -0.000081 0.085184 0.094147 -0.149192 -0.015065 0.040872 -0.028616 0.028941 -0.004068
2.095567 -0.333084 -0.301644 0.500719 0.443815 0.086615 -0.100767 0.081748 0.560353 -0.160021 -0.213302 0.208033 -0.087865 -0.045173 -0.231907 -0.033600 0.545811 0.169395 -0.013615 0.005851 0.133349 0.033705 0.065304 0.162937 0.349157 -0.081625 0.150303 0.172433 -0.074962 0.455464 0.217959 -0.225940 -0.005795 0.390131 0.103375 0.357043 -0.211935 0.088744 0.008562 0.094525 0.135385 -0.011890 0.077674 0.036492 0.102211 -0.054225 0.130789 0.018270 -0.050622 -0.000918 0.061475 0.010910 0.175195 -0.035714 -0.017036 -0.023112
1.418224 0.075713 -0.253332 0.654467 -0.031205 -1.109500 0.108208 0.746086 -0.144379 0.777850 0.158027 -0.275299 -0.158500 -0.348089 -0.229796 -0.289872 0.254848 -0.650672 -0.293245 0.185603 0.215887 0.446429 0.407411 0.328487 0.345884 0.297794 0.287174 -0.021569 0.077020 -0.378786 -0.017344 -0.309401 -0.089423 -0.043536 0.021415 -0.102302 0.122660 -0.059649 0.238494 0.063888 0.096429 0.050378 0.027098 0.040596 0.034170 -0.026408 0.006295 -0.074875 0.026215 -0.015467 -0.003981 0.022182 0.003666 0.026842 -0.015180 0.009716
0.908894 0.405823 0.492699 0.712237 -0.850178 -0.511986 0.113458 0.374194 -0.550896 0.363731 -0.015127 0.174534 0.417650 0.401896 -0.044755 -0.473562 -0.130452 -0.037680 0.066150 0.113328 0.006769 -0.170868 -0.094702 -0.028496 -0.350192 -0.238640 0.096659 0.179955 -0.160112 0.225591 -0.090849 0.173751 0.051874 0.012929 0.291118 -0.105520 -0.302615 0.171232 0.131446 -0.170905 0.062387 -0.059785 0.106657 -0.167596 0.096344 0.110863 -0.184682 -0.071909 0.042703 0.032837 0.020699 0.005320 -0.064370 0.017382 0.028026 -0.039710
0.511576 -0.518447 -0.544122 0.004025 0.067451 -1.707037 -0.633481 0.757875 -0.341902 0.477843 0.264638 -0.089445 0.089018 -0.136098 -0.179859 -0.047321 0.118255 0.072285 -0.408423 -0.011450 -0.087054 -0.266501 -0.513721 -0.258992 0.151361 0.163723 -0.520798 0.282705 0.076176 0.092879 0.228531 0.040558 0.230024 -0.040708 -0.260409 0.031205 -0.005504 -0.170917 -0.167540 -0.015460 -0.017547 0.058812 -0.074999 -0.076174 -0.072142 -0.049130 -0.029893 0.007806 -0.085982 0.009929 0.041621 -0.018736 0.034096 0.011448 0.003861 0.022533
1.782755 -0.415849 -0.616486 1.505558 0.524392 -0.237612 0.436660 -0.062803 0.081580 -0.271636 -0.346824 0.335010 0.457172 0.742072 -0.328062 -0.117151 -0.203921 0.391345 -0.249725 -0.174167 0.150109 0.161498 0.203344 0.338030 0.400103 0.047890 0.114084 -0.204537 0.012970 0.008366 0.073936 -0.032567 0.064261 0.376545 -0.344822 -0.096458 -0.381568 0.040986 0.109366 0.112327 -0.107449 0.099827 -0.164804 -0.168461 -0.147775 0.073260 -0.062290 0.010006 -0.111015 -0.022179 0.040122 0.044405 -0.111350 0.043234 0.002200 0.023862
1.974882 -0.403326 -0.201752 0.551042 0.249213 0.042546 0.117150 0.109658 0.480052 0.013337 -0.301258 0.108041 0.065717 -0.270822 0.070531 0.473954 0.538394 -0.476181 0.013515 0.202465 0.141009 -0.424913 -0.251744 -0.048981 -0.041948 -0.148272 -0.034478 -0.036722 -0.118558 -0.144251 -0.489535 -0.654084 -0.074466 -0.065043 0.235096 -0.160204 0.043843 0.195124 -0.431985 -0.225042 -0.089057 -0.148089 0.068810 -0.124475 -0.280010 0.150594 -0.007843 -0.023051 -0.170502 -0.138780 0.074967 0.107760 -0.031821 -0.033404 -0.012909 -0.002780
1.860957 -0.680718 -0.094046 0.395660 0.306730 0.030009 0.081612 0.123704 0.121020 -0.337757 -0.161356 -0.069695 0.281540 0.172282 0.371097 0.212432 -0.435889 -0.122227 -0.210763 -0.083809 -0.032617 -0.422864 0.345538 -0.100832 -0.075695 0.130465 -0.580469 0.143245 -0.423822 -0.293561 -0.318399 0.298640 0.052472 0.419328 0.497666 0.374458 0.352735 -0.178017 0.188495 -0.070430 -0.354451 0.245869 0.343980 0.061762 -0.006797 -0.144742 0.062223 -0.026786 0.010594 -0.049923 -0.012513 -0.101810 -0.054714 0.067976 -0.045331 -0.021455
1.997197 0.319237 -0.930074 0.055587 -0.240255 -1.229216 0.469508 -0.820462 0.010947 -0.325542 -0.192940 -0.694982 0.667890 0.687962 0.826433 0.556647 0.235418 0.019869 -0.282646 0.309248 0.195301 0.225055 -0.043310 -0.056169 -0.152435 -0.413808 -0.160745 -0.016383 0.043957 0.032446 -0.053144 -0.122121 -0.179677 -0.074582 -0.115174 -0.024581 -0.011041 -0.014382 -0.114845 -0.022314 -0.097879 0.169023 -0.027737 0.164124 0.080415 -0.103552 -0.011315 0.010403 0.056188 0.103009 -0.014796 -0.008687 -0.032102 0.017271 0.000866 0.010345
1.736410 0.146541 0.105955 0.560361 -0.799511 -0.199947 0.476533 0.269177 0.186994 0.214738 -0.520817 0.247321 -0.219482 -0.147613 0.108624 -0.279602 0.049713 -0.030827 0.122842 -0.353839 -0.280942 -0.080376 0.132284 0.298098 0.408761 -0.094604 0.245773 0.205353 -0.077701 0.086526 0.473227 0.075222 -0.196608 -0.338885 0.328448 0.333310 0.010166 -0.033253 -0.468915 0.169171 -0.141599 -0.081291 -0.263364 0.114996 0.201474 -0.112270 -0.045927 -0.060217 0.139516 0.126717 -0.041428 -0.134546 -0.098340 0.035181 -0.073882 -0.021486
1.709184 0.224158 0.134144 0.503711 -0.959183 -0.321121 0.356448 0.231565 0.601000 0.364950 -0.702131 0.052465 -0.027966 -0.275255 0.302242 -0.226290 0.244423 0.193387 0.160064 -0.184645 -0.240110 0.361992 0.017000 0.038384 -0.488967 0.269909 -0.318326 -0.383275 0.114469 -0.333303 -0.174489 0.476592 0.353674 0.287874 -0.068534 -0.185712 0.239292 0.065465 0.128918 0.049492 0.216947 -0.111514 -0.121129 -0.117883 0.038235 -0.095576 -0.019667 -0.014916 -0.155585 -0.110501 0.038476 0.058410 0.005541 -0.029043 0.068533 0.015850
1.923686 0.624537 0.077985 0.180769 -0.917012 0.099104 0.021307 -0.071354 0.191141 0.192926 0.009422 0.059725 -0.241210 0.039114 0.323170 0.224574 0.185229 -0.149706 0.097324 0.073470 0.203848 0.168364 -0.057027 0.014931 0.099521 0.088839 -0.019195 0.023742 -0.040327 0.199164 0.157558 -0.181824 0.101038 0.288787 0.034432 -0.005624 0.022587 0.048565 -0.011714 0.011618 -0.103334 -0.000779 -0.021514 -0.011830 -0.102419 -0.012435 -0.076448 0.217636 0.099903 0.081530 -0.154408 0.028850 0.066022 -0.034645 -0.025796 0.016326
1.065139 -0.829559 -0.168608 -0.381063 0.235472 -0.364574 0.446470 -0.785168 -0.585028 -0.410522 -0.015006 0.352514 -0.691459 -0.050129 -0.333148 0.298212 -0.444643 -0.732731 0.222341 -0.313976 0.209542 -0.612395 -0.284031 -0.257956 0.444991 0.166201 0.387267 -0.033849 -0.040973 0.162621 0.266917 0.079022 0.182865 0.086981 0.016049 -0.386733 0.022972 -0.046036 0.030071 0.122805 0.045714 0.092927 0.045988 -0.041197 -0.135645 -0.052169 -0.040996 0.029581 0.017279 -0.005463 -0.023383 -0.037733 0.015099 0.058973 0.005921 -0.004544
1.846708 0.579134 0.042121 0.031828 -0.905879 0.169465 -0.103959 -0.152186 0.014037 0.131350 0.082501 0.147705 -0.004826 0.162651 0.236065 0.293844 -0.758417 0.269239 -0.377515 0.196557 0.262298 -0.081982 -0.144298 -0.243784 0.018630 0.055685 0.048369 -0.005005 -0.004160 -0.087045 -0.121515 0.031200 -0.011373 -0.233849 -0.138027 0.001584 -0.141944 -0.191604 -0.001248 0.029903 0.119551 -0.003787 0.036909 -0.068688 -0.116467 0.275153 0.384405 -0.231152 0.064980 0.197752 0.003609 0.020469 -0.001587 0.010592 0.024010 -0.009809
2.070254 0.651899 0.567165 1.174913 0.757771 0.026742 0.117530 -0.563063 0.055711 0.110086 0.009466 0.141512 -0.373582 0.383121 0.342718 0.244724 0.524591 -0.212015 0.411144 0.025397 0.117506 0.154742 0.176851 -0.158405 -0.335188 0.467124 -0.530799 -0.084035 -0.034596 0.045700 0.512495 0.348310 -0.189980 0.040941 -0.216415 -0.083998 -0.051524 0.107808 0.028349 -0.194140 0.300296 -0.081082 0.278019 -0.095467 0.090388 0.005610 0.005980 -0.004265 -0.006430 -0.039834 0.032816 -0.065266 0.129122 0.078836 -0.052680 -0.020851
2.113388 0.119260 1.014278 0.462618 0.632021 0.297733 0.042511 -0.113167 -0.384810 0.029243 0.377955 -0.343640 -0.043621 0.355337 0.354205 0.279117 0.741806 0.029330 -0.063140 0.063516 -0.057782 0.110811 -0.211110 0.101571 0.081214 -0.168996 0.379241 -0.038735 -0.023811 0.201284 -0.069145 0.166629 0.486764 0.317318 0.108213 0.046812 -0.080288 -0.039396 0.058746 0.488464 -0.046499 0.021467 0.020553 0.240943 -0.000487 -0.040471 0.104581 -0.035154 -0.001839 -0.052725 0.065853 -0.045290 -0.123968 -0.127935 -0.053674 0.026874
2.145103 0.270932 1.004619 0.357076 0.683069 0.307518 0.044673 -0.168862 -0.393297 0.139111 0.353622 -0.321514 0.037152 0.274283 0.355212 0.164314 0.038687 0.449426 -0.453603 -0.098682 0.124034 0.282602 -0.297689 -0.121545 0.054893 -0.129399 0.480840 -0.155618 0.090017 -0.102208 -0.137207 0.178394 0.290993 -0.059906 0.102165 -0.230729 0.367294 -0.047984 -0.061357 0.046034 -0.058603 0.058141 -0.292762 -0.054171 -0.125356 0.096967 -0.087446 0.067430 0.103095 -0.034849 -0.078427 0.014628 0.034541 0.187938 0.034917 -0.046061
2.102802 -0.052135 0.857234 0.401593 0.658443 0.488096 -0.496975 -0.029423 -0.640580 -0.394604 0.806100 -0.025306 -0.218924 0.387399 -0.447938 -0.184710 0.054390 -0.085547 0.318519 -0.106426 -0.367356 -0.137265 0.037955 0.487712 0.181626 -0.043874 -0.001300 0.148480 -0.116949 -0.471342 -0.004345 0.084246 -0.491333 -0.527184 -0.002384 0.074475 -0.166844 0.012319 -0.008482 -0.162300 -0.136468 -0.028475 0.109446 -0.049806 0.021756 0.009176 0.026734 -0.013593 -0.184871 0.040018 0.012011 0.038313 -0.089854 0.015372 0.053987 0.025797
1.881871 -0.176854 -0.472580 1.557041 0.469528 0.251175 0.385123 0.271459 -0.029113 -0.014978 0.151838 0.330751 0.326525 -0.324682 -1.154129 0.125425 0.007831 -0.242279 0.478217 0.124700 0.096193 -0.010915 -0.647364 -0.292906 -0.280153 -0.124423 0.006790 -0.005185 0.116041 -0.150137 -0.154317 0.010993 -0.160356 -0.051595 -0.002202 0.033214 0.045866 -0.085788 0.020405 0.035631 -0.127153 0.174209 -0.017382 0.046012 0.000838 -0.054593 0.091646 0.043275 0.127277 0.070701 -0.057422 -0.013340 0.033012 0.015588 0.060895 -0.004279
1.947638 0.562641 0.345739 1.057676 1.074457 -0.535378 -0.101662 0.574977 0.175406 0.023201 0.233472 -0.026501 -0.528723 0.177448 0.125431 -0.301072 -0.989817 -0.352939 0.256377 -0.050116 -0.111621 -0.411773 0.391562 -0.085600 -0.291095 0.214541 -0.082546 -0.117769 0.152369 0.265243 -0.152897 -0.148733 0.260843 -0.090141 -0.013831 -0.249890 0.079417 0.120983 0.045934 0.167554 0.011264 0.014662 -0.068442 0.239823 0.036816 -0.005698 0.037487 0.054540 -0.068619 0.070630 -0.051617 0.026758 -0.099110 -0.080690 -0.012778 0.037310
1.416226 0.778514 -0.413711 -1.270358 0.454776 0.046908 -0.069294 0.279542 -0.289562 0.160644 -0.406247 0.103480 -0.141876 0.138119 -0.054683 0.215444 -0.045290 -0.092380 -0.325532 0.657570 -0.802520 -0.636929 0.225218 0.149295 0.022622 -0.068323 0.162560 -0.106207 -0.072148 -0.064146 -0.339726 0.328252 0.157906 -0.227202 -0.231668 0.159796 -0.000554 -0.114521 -0.043857 0.263547 0.080788 -0.062783 0.003684 0.106903 0.025977 -0.080085 0.013825 -0.123916 -0.019716 -0.070349 0.037517 0.021525 0.009150 0.031880 0.018959 -0.010323
1.380346 2.075941 0.097447 -0.695996 0.872935 -0.277146 0.740093 0.213846 0.201557 0.270031 -0.330172 -0.271436 -0.260615 0.092558 0.215887 -0.346616 0.669355 -0.073059 -0.012620 -0.033428 -0.232754 -0.152225 -0.192986 -0.043038 0.000978 -0.296468 0.063939 -0.068440 -0.116602 0.425885 -0.317183 -0.196492 -0.053135 0.075716 -0.184446 -0.148832 -0.010664 0.022557 0.051244 -0.095369 -0.007753 -0.039870 0.112293 -0.123300 -0.080385 0.057204 -0.054059 0.003395 0.101092 0.056875 0.051585 -0.130303 -0.012848 0.012131 -0.005043 0.006754
1.277596 1.886897 -0.049233 -0.945842 1.118611 -0.165420 0.527994 0.357826 0.273122 0.086889 -0.339682 -0.078557 -0.446514 -0.277577 -0.230205 -0.763009 -0.602915 0.584707 -0.189222 -0.426313 0.051049 0.512566 -0.231016 0.056061 0.125315 0.029142 0.139904 -0.055112 0.122493 -0.169509 0.134036 -0.067012 -0.137128 0.132174 0.143933 0.087456 0.120871 0.129884 -0.139343 -0.000426 -0.073082 0.045107 0.070384 0.030918 -0.059204 -0.139386 0.087530 0.103069 -0.100094 -0.017495 -0.005177 0.049564 0.073590 0.004234 -0.004491 -0.011369
2.347975 0.703814 0.569986 -0.792361 0.328632 -0.027310 0.738442 0.040265 -0.316344 -0.115809 -0.021152 -0.690710 0.416714 -0.733566 -0.198903 0.209212 0.243929 -0.594058 0.565813 -0.162598 -0.363848 -0.120810 0.453757 0.050081 -0.001250 -0.099501 -0.260159 0.215047 -0.155789 0.161496 0.259324 0.076505 0.010618 0.034117 -0.150070 -0.069638 0.133194 0.041540 0.247736 -0.196710 -0.282423 0.161652 -0.209541 -0.153315 -0.037962 0.058686 0.137926 0.108138 0.000575 0.099240 -0.063190 0.078290 0.031206 0.008330 0.022716 -0.012800
2.831503 0.253547 0.582276 -0.250432 -1.023398 -0.033171 0.611456 0.118281 -0.032698 -0.319836 0.027584 -0.652952 -0.258773 -0.239741 0.474951 0.104419 -0.567008 0.040069 -0.264272 -0.049958 -0.021218 0.095015 0.301610 -0.057220 0.177082 -0.156200 -0.068374 0.152447 -0.197369 0.247717 0.312148 -0.112585 -0.065243 -0.218778 -0.209089 -0.029412 -0.110534 0.054464 -0.099715 -0.141772 0.188183 0.067251 0.423567 0.260110 -0.261896 -0.019638 -0.113831 -0.020189 0.039709 -0.237630 -0.023220 0.111336 0.004589 -0.062227 0.038984 -0.005198
3.014556 0.231761 -0.286823 0.601944 0.815661 0.207174 0.119624 0.058422 1.160097 -0.216846 -0.290430 -0.194880 -0.571121 -0.568154 -0.482836 0.191375 0.327192 0.518858 0.088989 0.266242 0.163130 -0.050732 0.065928 -0.309055 0.006398 0.144063 0.222283 0.125648 0.252832 -0.104832 0.085606 0.218009 0.036861 -0.364501 -0.127637 0.141869 -0.344684 -0.196718 0.132897 0.010795 0.096121 0.039571 0.074116 0.101878 -0.025445 0.140722 -0.125299 -0.123340 -0.040522 0.002197 0.074226 0.060193 -0.022075 0.012208 0.041477 -0.010027
2.191625 0.106677 -0.953714 -0.596481 0.086616 0.105512 -0.757173 -0.019290 -0.107579 -0.306896 0.200573 0.060818 -0.071846 0.097372 -0.072662 -0.225304 0.296956 -0.095967 0.386608 -0.082202 -0.122510 0.051070 0.208533 -0.044398 -0.040076 -0.027143 -0.066800 -0.035254 0.134177 0.053505 0.092107 0.068105 0.079348 0.168357 -0.052454 -0.043660 0.028279 -0.015373 -0.086552 0.025945 -0.173920 -0.074699 0.058156 0.147362 -0.094287 -0.017065 -0.277180 0.003676 0.025125 -0.030875 -0.133199 0.095369 -0.094757 0.062498 0.129393 0.027414
2.944990 0.327728 0.395421 -0.175691 -1.000410 0.121982 0.293940 0.117258 0.098461 -0.326587 0.120900 -0.235022 -0.259517 -0.606385 -0.503397 -0.025454 -0.156712 -0.080816 0.336685 -0.018012 -0.008405 0.078280 -0.399739 -0.392770 -0.374640 -0.071013 -0.038176 -0.148596 0.449231 -0.370958 -0.334599 0.015492 0.109240 0.099262 0.087256 -0.067759 0.057769 -0.075542 -0.098154 -0.062544 -0.044409 -0.071948 0.009440 -0.032560 0.011094 0.022334 0.122829 -0.009374 0.008444 0.045059 -0.011220 -0.058757 -0.020886 -0.023782 -0.129967 0.014352
2.237493 1.638502 -0.043016 -0.389752 0.225493 0.047902 0.102173 -0.563031 -0.035957 0.771824 -0.193817 0.152571 0.834807 -0.574534 -0.248825 0.572357 0.345796 -0.222204 -0.107095 0.058431 0.315593 0.047519 -0.163481 -0.353130 -0.141499 0.181972 0.145642 0.039808 0.058581 -0.090195 0.214846 -0.061929 0.130498 0.103694 0.125655 0.116581 -0.266141 0.028776 -0.075177 0.207672 0.070535 -0.241602 0.120269 0.073640 0.059578 -0.000556 0.096466 -0.098427 0.037292 0.097195 -0.093163 -0.021884 -0.075601 0.006575 0.018972 -0.004210
0.226918 2.051385 -0.132682 -1.436360 0.664801 0.298593 0.079377 0.345716 0.281332 -0.088733 0.288485 -0.482622 -0.428396 0.728401 0.148866 0.134102 -0.073624 -0.107278 0.425955 0.374806 0.580670 0.015401 -0.102782 0.100040 0.159026 0.198838 -0.430701 0.596975 -0.025471 -0.275255 0.020956 0.216163 0.075498 0.065896 0.308181 -0.067471 -0.163640 -0.138306 -0.236139 0.038603 0.115612 0.021032 -0.198831 -0.213740 -0.046635 -0.087686 -0.042207 -0.071079 0.024314 -0.036319 0.031678 0.013184 -0.045324 -0.023373 0.012355 0.002525
2.394520 -1.982968 0.501155 -1.357993 -0.212068 0.542999 0.076978 1.424986 -0.032007 0.435978 -0.195136 -0.315641 0.524687 0.380622 0.502894 0.092840 0.040460 -0.049633 0.116868 -0.232117 0.179931 -0.121219 -0.193861 -0.119571 0.065310 0.403784 0.243643 -0.160035 0.025183 0.136389 0.155088 -0.021627 -0.070887 -0.123113 0.195577 -0.059535 0.046448 -0.142270 0.017215 0.014336 -0.138092 -0.228331 0.030336 -0.163507 0.195783 0.124115 -0.095431 0.059401 -0.081654 0.078450 0.079330 0.032461 0.127033 -0.032501 0.057183 0.018445
1.412572 -1.719059 1.356313 -1.316098 -0.024583 0.335175 0.025057 0.469961 -0.193542 1.118087 -0.175853 0.586859 0.132907 0.013629 0.296430 -0.169213 0.193085 0.294509 0.288877 0.083625 0.430486 -0.235167 0.392351 -0.008181 0.226150 -0.560717 -0.122602 0.269318 0.228251 -0.322318 -0.163162 0.108350 -0.071404 0.153953 -0.113560 -0.052219 0.021108 0.092866 -0.051680 -0.094125 0.067444 0.154049 -0.035601 0.184473 -0.125724 -0.128856 0.029733 -0.002430 -0.058115 0.112973 -0.023906 0.030754 0.032183 -0.006725 -0.001478 0.022401
