0.0565452754313759
0.0413145737866734
0.0398935965748084
0.259105284740451
0.157079497047739
0.0713210633436342
0.106020074352037
0.191089860709105
0.305588184324962
0.223856917036282
0.167265004475932
0.236558064907447
0.291675970243141
0.173412447772628
0.162711758205002
0.0678318977866811
0.0414160173666072
0.098960864104411
0.0550424420966929
0.0692735369072994
0.156392456214915
0.092597231979508
0.105850236474644
0.136412362600001
0.162605244057979
0.0715090205234879
0.150309589998342
0.153358433383347
0.161532908228079
0.0564058254380449
0.870843753744158
0.511809688102483
0.0862750750897153
0.122399950320552
0.0350968904712577
0.100269743865093
0.065303399448101
0.0859601188315776
0.0749988559895338
0.0922662388966978
0.219603633150439
0.132086947821678
0.0896692331389794
0.0590076296952307
0.0913922238144445
0.113640323660355
0.0740561508007641
0.220112027983312
0.0560938452434191
0.23418466959587
0.0563414559917736
0.0660601528997316
0.0646878943002597
0.11366483951073
0.0966466709510272
0.0499509494145598
0.0351768535489087
0.0549132956795133
0.211887005077395
0.0935227981326325
0.213282761761622
0.088459922665527
0.205037356945967
0.0866827436619753
0.16424267109307
0.0783637644069128
0.858356847509801
0.168169844522028
0.0907858534575485
0.0452333906203722
0.3763029683165
0.628820943094751
0.912076767402061
0.956856653906393
0.814791753263149
0.800139135425848
0.667410032654771
0.315117686396382
0.307361996760697
0.497836125878408
0.274046639273862
0.218001095014091
0.600265505690327
0.481408243616629
1
0.188707220837087
0.637271729134769
0.289761048941269
0.333449974780978
0.393711218947061
0.255805566893812
0.383187125240455
0.223678401815241
0.349110220595538
0.253656251551644
0.11441577599318
0.329746245175601
0.335234658966079
0.249335850361706
0.522510558385868
0.530636924475288
0.210349598997754
0.0663087783370512
0.0157022961609637
0.0191999123289737
