0 1 1
0 2 0.75
0 3 0.5
0 4 0.666667
0 5 1
0 6 0.666667
1 3 0.75
1 5 1
1 6 0.75
2 4 0.75
2 5 1
2 7 0.5
3 5 0.428571
3 8 0.608696
3 9 0.5
3 10 0.533333
3 11 0.722222
3 12 0.521739
3 13 0.384615
3 14 0.777778
3 15 0.8
3 16 1
3 17 0.8
3 18 0.666667
3 19 0.4
3 20 0.5
3 21 1
3 22 0.571429
3 23 0.555556
3 24 0.666667
3 25 0.6
3 26 0.555556
3 27 0.555556
4 5 0.571429
4 6 0.5
4 28 0.333333
4 29 0.5
4 30 0.25
4 31 0.25
5 6 0.714286
5 7 0.428571
6 7 0.25
6 10 0.181818
6 12 0.272727
6 18 0.666667
6 22 0.285714
6 25 0.4
6 29 0.5
7 14 0.25
7 30 0.25
7 58 0.5
7 71 0.125
7 85 0.4
8 9 0.625
8 10 0.533333
8 11 0.722222
8 12 0.6
8 13 0.692308
8 14 0.666667
8 20 0.6
8 21 1
8 22 0.571429
8 23 0.777778
8 24 0.777778
8 26 0.777778
8 27 0.777778
8 32 1
8 33 0.666667
8 35 0.6
8 37 0.571429
8 40 0.722222
8 41 0.625
8 42 0.666667
8 43 0.8
8 44 1
8 45 0.833333
8 46 0.5
9 11 0.625
9 12 0.5
9 14 0.555556
9 20 0.7
9 24 0.666667
9 27 0.666667
9 41 0.625
9 45 0.666667
9 47 0.4375
9 48 0.75
9 49 0.375
9 50 0.666667
9 51 0.333333
9 52 0.4
10 11 0.333333
10 12 0.666667
10 15 1
10 16 1
10 19 0.6
10 21 0.8
10 33 0.666667
10 35 0.5
10 37 0.714286
10 38 0.857143
10 39 0.625
10 55 1
11 12 0.5
11 13 0.538462
11 14 0.666667
11 17 1
11 20 0.4
11 21 0.8
11 22 0.428571
11 26 0.666667
11 27 0.555556
11 29 0.5
11 45 0.833333
11 47 0.444444
11 50 0.666667
11 56 0.25
12 13 0.692308
12 14 0.555556
12 15 0.8
12 17 1
12 18 1
12 23 0.777778
12 24 0.666667
12 32 1
12 33 0.888889
12 36 0.6
12 38 0.571429
12 39 0.625
12 40 0.5
12 41 0.875
12 44 0.8
12 46 0.75
12 47 0.722222
12 54 0.833333
12 55 0.75
13 17 1
13 29 0.5
13 32 0.6
13 40 0.461538
13 42 0.833333
13 43 0.6
13 44 0.8
13 47 0.461538
13 57 0.2
14 25 0.4
14 26 0.444444
14 58 0.222222
15 16 1
15 55 0.75
17 47 0.8
19 55 0.5
19 56 0.25
19 77 0.2
20 24 0.666667
20 40 0.4
20 48 1
20 49 0.5
20 53 0.6
20 57 0.6
21 23 0.6
22 25 0.8
22 40 0.428571
22 52 0.2
23 27 0.555556
23 32 0.8
23 33 0.555556
23 47 0.555556
23 54 0.666667
24 26 0.666667
24 40 0.777778
24 47 0.555556
24 53 0.8
25 40 0.4
26 40 0.666667
26 45 0.833333
26 47 0.555556
26 53 0.6
27 40 0.555556
27 41 0.75
27 47 0.777778
27 54 0.833333
28 66 0.666667
28 72 0.666667
30 31 0.727273
30 58 0.230769
30 66 0.55
30 67 0.333333
30 70 0.428571
30 73 0.55
30 74 0.5625
30 75 0.6875
30 76 0.692308
30 77 0.714286
30 79 0.5
30 80 0.5
30 82 0.777778
30 83 0.625
30 84 0.55
30 86 0.428571
30 93 0.714286
30 99 0.5
31 49 0.25
31 73 0.454545
31 74 0.636364
31 75 0.818182
31 76 0.545455
31 77 0.571429
31 78 0.6
31 82 0.666667
31 91 0.375
32 33 0.8
33 37 0.714286
33 38 0.714286
33 39 0.5
33 47 0.444444
34 35 1
34 36 0.4
34 37 0.6
34 38 0.8
34 39 0.6
35 36 0.4
35 37 0.714286
35 38 0.714286
35 39 0.625
35 40 0.4
35 43 0.4
35 44 0.6
36 41 0.6
36 47 0.6
37 38 0.714286
37 47 0.285714
38 39 0.857143
39 40 0.5
39 42 0.333333
40 41 0.75
40 42 0.833333
40 44 1
40 45 0.666667
40 47 0.555556
40 53 0.8
40 54 0.833333
41 47 0.875
41 54 0.833333
42 43 0.6
42 47 0.5
43 56 0.25
45 47 0.833333
46 47 0.5
46 102 0.25
47 54 1
48 49 1
48 57 0.75
49 57 0.6
49 58 0.125
49 72 0.25
49 76 0.375
50 58 0.333333
51 52 0.8
51 58 0.833333
51 64 0.833333
51 65 0.666667
51 69 0.8
52 58 0.6
52 64 0.6
53 76 0.2
56 57 0.25
58 64 0.666667
58 65 0.857143
58 68 0.75
58 69 0.8
58 77 0.285714
58 85 0.6
59 60 0.8
59 61 0.25
59 62 0.8
59 63 1
59 99 0.8
60 62 0.833333
60 63 1
60 84 0.666667
60 86 0.333333
60 99 0.833333
61 86 0.5
61 95 0.25
61 101 0.5
62 63 1
62 84 0.666667
62 99 1
62 100 0.5
63 99 1
64 65 0.857143
64 66 0.333333
64 67 0.5
64 68 0.75
64 69 0.8
64 70 0.285714
65 67 0.333333
65 68 0.75
65 69 0.8
65 85 0.4
66 67 0.5
66 70 0.714286
66 72 0.619048
66 73 0.571429
66 74 0.4375
66 76 0.384615
66 80 0.75
66 84 0.619048
66 85 0.4
66 86 0.714286
66 88 1
66 89 1
66 90 0.8
66 93 0.714286
66 96 0.833333
66 97 0.833333
66 99 0.666667
66 100 0.5
67 103 1
67 104 0.666667
68 71 0.25
69 104 0.333333
70 71 0.428571
70 72 0.714286
70 75 0.571429
70 90 0.6
71 72 0.666667
71 73 0.4
71 74 0.466667
71 75 0.733333
71 76 0.461538
71 77 0.428571
71 78 0.8
71 79 0.5
71 80 0.5
71 81 0.25
71 82 0.666667
71 83 0.5
72 73 0.47619
72 74 0.75
72 75 0.75
72 76 0.615385
72 78 0.8
72 79 0.75
72 80 0.75
72 82 0.777778
72 84 0.545455
72 85 0.4
72 86 0.428571
72 87 0.6
72 88 1
72 89 1
72 90 0.8
72 91 0.625
72 92 1
73 74 0.6875
73 75 0.625
73 82 0.888889
73 83 0.75
73 84 0.714286
73 86 0.642857
73 89 0.833333
73 92 1
73 93 0.857143
73 94 0.714286
73 95 0.5
73 96 1
73 97 0.833333
73 98 0.6
73 99 0.583333
73 100 0.666667
74 75 0.6875
74 78 1
74 79 0.875
74 82 0.888889
74 84 0.6875
74 87 0.8
74 88 0.8
74 91 0.75
74 98 0.8
74 99 0.416667
75 76 0.692308
75 77 0.714286
75 78 1
75 79 0.875
75 82 1
75 83 0.75
75 84 0.5625
75 91 0.625
75 92 1
76 77 0.714286
76 82 0.777778
76 83 0.625
76 84 0.615385
76 86 0.384615
79 84 0.75
79 91 0.625
79 100 0.375
81 84 0.75
81 86 0.75
81 97 0.75
82 84 0.777778
83 84 0.875
83 87 0.4
83 100 0.375
84 86 0.857143
84 87 0.8
84 88 1
84 89 1
84 94 0.571429
84 96 1
84 97 1
84 99 0.666667
84 100 0.833333
84 101 0.8
86 89 0.833333
86 93 0.571429
86 97 0.833333
86 100 0.416667
86 101 0.8
87 98 0.4
88 89 0.8
90 91 0.4
90 99 0.4
91 98 0.6
91 100 0.375
93 94 0.428571
93 99 0.571429
93 102 0.5
94 95 0.75
94 96 0.5
94 101 0.4
94 102 0.75
95 102 0.5
96 97 0.666667
96 100 0.666667
98 100 0.6
99 100 0.416667
100 101 0.6
103 104 1
