0.6
0.833333333333333
0.666666666666667
0.209486166007905
0.25
0.523809523809524
0.181818181818182
0.178571428571429
0.253333333333333
0.3
0.304761904761905
0.294117647058824
0.233333333333333
0.333333333333333
0.416666666666667
0.7
1
0.9
0.666666666666667
0.2
0.4
0.8
0.333333333333333
0.5
0.611111111111111
0.4
0.527777777777778
0.583333333333333
0.333333333333333
0.333333333333333
0.268421052631579
0.4
0.8
0.527777777777778
0.6
0.355555555555556
0.4
0.523809523809524
0.666666666666667
0.464285714285714
0.274509803921569
0.642857142857143
0.533333333333333
0.4
0.8
0.733333333333333
0.333333333333333
0.274509803921569
0.833333333333333
0.25
0.333333333333333
0.6
0.4
0.5
0.8
0.666666666666667
0
0.3
0.192307692307692
0.6
0.6
0.166666666666667
0.666666666666667
1
0.361111111111111
0.476190476190476
0.266666666666667
0.266666666666667
0.5
0.6
0.428571428571429
0.257142857142857
0.255411255411255
0.314285714285714
0.425
0.458333333333333
0.41025641025641
0.428571428571429
0.8
0.607142857142857
0.5
0.5
0.777777777777778
0.535714285714286
0.300395256916996
0.3
0.351648351648352
0.5
0.9
0.866666666666667
0.5
0.428571428571429
1
0.523809523809524
0.380952380952381
0.333333333333333
0.733333333333333
0.733333333333333
0.5
0.393939393939394
0.333333333333333
0.5
0.333333333333333
1
0.333333333333333
