0.354993406954597
0.422112517088105
0.414711327239229
0.100854254610133
0.204749676730196
0.319401508858997
0.154295083487941
0.167846804463443
0.107447236016577
0.12669798108711
0.151590270254645
0.12254183584099
0.104945195312827
0.15115985623659
0.16454937103992
0.366359519428691
0.487011598870452
0.286865205326921
0.383337184875044
0.237945662675908
0.185836096452076
0.281831286237719
0.195490409794154
0.210341791458896
0.204452009001823
0.26757969134167
0.204815330089672
0.20669124603402
0.354497875060646
0.29560428056886
0.105331495990497
0.167549587711717
0.303620464898824
0.218768154042596
0.350592857142857
0.196588688586546
0.264047135802469
0.251904161331955
0.298103739311295
0.222105212270093
0.127944951359236
0.234911173804012
0.248018719054634
0.263615800131492
0.282539681203886
0.25413755787037
0.27271512345679
0.127115593247899
0.42392578125
0.193748616269821
0.360344864540466
0.335029037298939
0.28416713465191
0.282997530864198
0.292616906721536
0.377533333333333
0.25
0.28855
0.147637275982056
0.400555555555556
0.345276009287003
0.286747448979592
0.359056483231814
0.535190972222222
0.235928166333132
0.300907976164386
0.117766424552142
0.253479553343971
0.341982837404083
0.341876987481383
0.203606830294742
0.123606438678567
0.117773765272097
0.121316524327709
0.154945000726124
0.16853280249204
0.147089301067692
0.199744044181482
0.290351687327824
0.204749064379551
0.289508386860254
0.327521738058803
0.209703291144951
0.193202997394241
0.1212038177378
0.244698769498345
0.148745372338455
0.264898629391961
0.312492108906905
0.281061985041621
0.269313976968198
0.205881540457845
0.40608193939498
0.218178073950669
0.248098802912495
0.331003755668934
0.277748151613092
0.291907649953491
0.280555711451247
0.17587309924079
0.153755194960257
0.282369946718448
0.347018494897959
0.784722222222222
0.512345679012346
