0 1 9.51914584798731
0 2 19.0559607059607
0 3 69.6739104850852
0 4 67.8135783621943
0 5 3.09358974358974
0 6 14.4670624452274
1 3 44.6638198765777
1 5 20.6474494915955
1 6 29.6934978273178
2 4 28.961023616906
2 5 16.962370962371
2 7 44.5987332928509
3 5 81.8344018258233
3 8 32.4567615785131
3 9 69.193028886449
3 10 20.3255118425737
3 11 17.3183525438063
3 12 29.0163299683256
3 13 30.3092724568699
3 14 51.4941334249159
3 15 43.5599007868223
3 16 71.4000208064878
3 17 32.0467953106387
3 18 26.1115902213728
3 19 74.6524121345023
3 20 53.6523060351998
3 21 30.7190030472568
3 22 18.8437091318123
3 23 37.1708169384044
3 24 19.9688237211019
3 25 20.5697416614542
3 26 22.6716567292418
3 27 21.4549316312882
4 5 46.8203243939403
4 6 148.864196760374
4 28 63.2236382613856
4 29 95.8552018002006
4 30 235.91363200949
4 31 90.6381631620831
5 6 12.1632162913812
5 7 60.4562913768427
6 7 162.393386193228
6 10 95.2463085917352
6 12 117.206188710534
6 18 46.8962000559827
6 22 32.7950982403832
6 25 30.1419431530354
6 29 17.1899960260944
7 14 153.432331152794
7 30 190.891123112887
7 58 38.9395103434577
7 71 142.290153721047
7 85 47.1749386105527
8 9 81.2831817908518
8 10 20.9768573653868
8 11 12.8244161525273
8 12 9.32575840612925
8 13 13.6225916025839
8 14 104.397319588777
8 20 59.1531749065574
8 21 31.7877960878886
8 22 27.0381092392721
8 23 22.9776609477831
8 24 13.7215863435566
8 26 15.6794360315214
8 27 12.1123328845068
8 32 39.7035141996152
8 33 31.2731731746592
8 35 47.0158301032763
8 37 53.0153387298101
8 40 13.2431254314038
8 41 15.2151879835095
8 42 34.8288237981436
8 43 61.1493372115514
8 44 27.1710783368678
8 45 16.675608234154
8 46 109.762256576223
9 11 31.8065712705132
9 12 113.915734354057
9 14 17.2680416519622
9 20 11.827674999579
9 24 19.2479241948282
9 27 49.7276315927451
9 41 59.975757300318
9 45 44.1781910771274
9 47 81.4127462928946
9 48 35.7293095793096
9 49 301.156751386422
9 50 25.3295182305817
9 51 153.556481187749
9 52 62.3977024270829
10 11 21.7300316247144
10 12 16.6929657729384
10 15 15.1582825031752
10 16 28.8122535575077
10 19 83.9073352505162
10 21 15.3035092081109
10 33 18.7559013559533
10 35 29.4124209518247
10 37 31.1458977426207
10 38 29.59146366115
10 39 24.0142528406832
10 55 14.2631143366437
11 12 20.4734049832027
11 13 11.0069207538248
11 14 36.6237371854028
11 17 20.2642321564999
11 20 26.301415557076
11 21 22.8722674143195
11 22 13.7046859407852
11 26 11.8410859509707
11 27 10.6048514025049
11 29 43.5603063300117
11 45 13.5925881461902
11 47 16.7707971016631
11 50 44.1108078436865
11 56 42.2694306323843
12 13 21.6516402285365
12 14 108.00623456059
12 15 43.2112707027822
12 17 26.8030585293899
12 18 31.5161227661228
12 23 23.6806253492889
12 24 19.6607470992936
12 32 40.9730366645112
12 33 29.9211582730507
12 36 65.8431332486662
12 38 72.220682416698
12 39 49.1736346082391
12 40 22.1354394951853
12 41 19.330845469054
12 44 32.1949402352034
12 46 115.345495490857
12 47 12.3936450526328
12 54 38.1797651275976
12 55 45.5712652671213
13 17 9.4435010289215
13 29 51.2215215329134
13 32 16.2682833666834
13 40 16.6595664994995
13 42 15.2992549559407
13 43 21.2161566610134
13 44 12.142980395937
13 47 14.4748330200387
13 57 63.7814810167031
14 25 31.5329613610045
14 26 23.3215082140283
14 58 208.246958539531
15 16 3.78772563600449
15 55 6.5167259340321
17 47 16.7526483330613
19 55 50.6890470080915
19 56 47.6743917964536
19 77 238.492509676534
20 24 8.14677544677544
20 40 32.7227574854736
20 48 15.6639194139194
20 49 134.953963109517
20 53 26.4724362261016
20 57 16.0660855484385
21 23 4.64924242424242
22 25 5.43399833258529
22 40 23.4500698849297
22 52 59.4039464137675
23 27 7.02197858918712
23 32 4.62482314433534
23 33 4.82136752136752
23 47 14.307813429127
23 54 5.61244544512095
24 26 3.34183725481679
24 40 5.96615596305999
24 47 12.3618277905033
24 53 54.7011887314038
25 40 25.2666321387418
26 40 8.39012482596747
26 45 9.17659446078254
26 47 15.2653981821502
26 53 58.3262118090812
27 40 13.5047295170712
27 41 3.91341290139244
27 47 8.25877298530222
27 54 8.35222116828894
28 66 42.315187698484
28 72 39.5814664359175
30 31 20.3282511128258
30 58 188.353474900051
30 66 33.7759175096592
30 67 124.555096553525
30 70 31.3608969987435
30 73 62.9485696430873
30 74 41.1985971983485
30 75 22.2621425207943
30 76 34.5170601829919
30 77 86.1894616212418
30 79 40.2598844794949
30 80 38.7161514951337
30 82 24.0127977753171
30 83 36.0009970796646
30 84 85.7089968948473
30 86 81.4234547523689
30 93 55.4507883409652
30 99 164.224026641008
31 49 102.678916530129
31 73 55.1278179103802
31 74 31.3864937291779
31 75 11.040481946575
31 76 15.513208407162
31 77 29.2207511204302
31 78 29.218551994395
31 82 12.2843066541702
31 91 47.6536831115768
32 33 4.38272357723577
33 37 3.11666666666667
33 38 3.84502801120448
33 39 4.43064028866055
33 47 17.8206669681809
34 35 28.2247752405127
34 36 17.5561472973013
34 37 18.9079884447869
34 38 14.4059893055095
34 39 27.3050997118897
35 36 8.00360004205316
35 37 4.28435025933538
35 38 5.73606727209406
35 39 3.48174603174603
35 40 49.1786480170319
35 43 12.0420285450011
35 44 6.0937441643324
36 41 14.8920246970663
36 47 30.8586591507854
37 38 2.56169467787115
37 47 29.9470301621014
38 39 3.83121199665055
39 40 49.6408259894517
39 42 7.72714964773788
40 41 13.3115880251772
40 42 31.4595739448799
40 44 28.5276023391813
40 45 12.9258289797524
40 47 13.012919207449
40 53 207.004254447093
40 54 32.8708173020222
41 47 6.76654829119766
41 54 5.97414694782342
42 43 4.9978302596264
42 47 17.2673416384146
43 56 22.5160525515658
45 47 9.99241792820677
46 47 68.4639073890852
46 102 268.320937779724
47 54 14.9230286217051
48 49 48.9857142857143
48 57 6.2979908979909
49 57 107.015329059309
49 58 51.7062662617926
49 72 371.779817937035
49 76 96.0135739724233
50 58 70.2126481965903
51 52 4.70540935672515
51 58 29.099670687344
51 64 49.9051139767341
51 65 34.8099039872414
51 69 50.1658963565861
52 58 37.9406360497971
52 64 82.2986165450619
53 76 343.477517787106
56 57 29.4071231335283
58 64 37.1828158629813
58 65 40.5385299772727
58 68 53.9891865444497
58 69 78.5982850255114
58 77 40.1670133169429
58 85 35.3360584478109
59 60 8.51182791428484
59 61 15.313026034882
59 62 7.64519967142814
59 63 2.64285714285714
59 99 79.8228035222621
60 62 1.77424242424242
60 63 9.43761352123054
60 84 54.6310332957857
60 86 42.8000337261132
60 99 18.3631796084216
61 86 71.8680708823428
61 95 33.831859914444
61 101 6.69642857142857
62 63 7.16285437966289
62 84 74.5892020328642
62 99 23.8396027587144
62 100 13.0868250170882
63 99 84.7566749562494
64 65 8.91108998930206
64 66 119.911702437834
64 67 37.3471349374212
64 68 13.9181945247735
64 69 25.270582861411
64 70 33.0445874441247
65 67 31.5700597630362
65 68 9.31776542171279
65 69 3.97679065001046
65 85 22.2449848053563
66 67 77.6423801889421
66 70 14.2115116894293
66 72 24.7196713806547
66 73 24.0356551221884
66 74 18.4064186149088
66 76 74.9513101608072
66 80 19.7724836631377
66 84 23.0858863552169
66 85 41.0921026365644
66 86 24.4858861726509
66 88 25.1482232636644
66 89 21.2846548875961
66 90 26.5251456949811
66 93 34.9002764973401
66 96 36.5076980204297
66 97 37.7845222341832
66 99 43.1708688902124
66 100 38.8466236508629
67 103 95.2367164258049
67 104 52.7517286806761
68 71 46.1917599943916
69 104 58.6782215601857
70 71 17.9473674504397
70 72 22.6141939937509
70 75 12.8200758170943
70 90 11.3813861813974
71 72 23.6242511476562
71 73 43.2084729267582
71 74 23.3547874273717
71 75 9.03134687672544
71 76 27.9774043257481
71 77 46.0057527140304
71 78 22.2957655179704
71 79 18.1931035290345
71 80 18.5408947953491
71 81 58.6122439707854
71 82 10.3200163907513
71 83 16.2616466153412
72 73 33.0638789324912
72 74 18.2637810626757
72 75 11.2117007183891
72 76 32.6647709458805
72 78 28.9723552586381
72 79 24.8822805911963
72 80 28.3121949881044
72 82 12.0344753647596
72 84 39.3442268586768
72 85 42.3158855541619
72 86 39.3661650031715
72 87 57.4094319786441
72 88 45.7963527077498
72 89 44.4479027508439
72 90 52.5675512794512
72 91 32.9976982229998
72 92 52.1173680231522
73 74 8.32780385188888
73 75 15.3892234701098
73 82 9.33451192233978
73 83 10.2705217458496
73 84 7.86168782950794
73 86 10.1857698147741
73 89 14.6598649716297
73 92 27.0568613193752
73 93 19.2379311409764
73 94 34.1279568974772
73 95 68.4941678866869
73 96 19.6397062569817
73 97 22.8705153948369
73 98 43.277585433165
73 99 21.221505247617
73 100 16.3961825320436
74 75 7.2186653320112
74 78 13.1638002608025
74 79 3.93990683229814
74 82 4.56914981407398
74 84 10.3736805261142
74 87 14.1980416089287
74 88 12.4451249730662
74 91 8.16527849512287
74 98 32.4101488651841
74 99 20.3709610509058
75 76 26.1764563022602
75 77 63.5943651451147
75 78 11.4187974036409
75 79 6.97073012615867
75 82 3.65097852762979
75 83 6.7953127456267
75 84 21.4632137627441
75 91 14.5676420242341
75 92 24.8257706574725
76 77 38.0887212356423
76 82 24.304444510812
76 83 39.9048963674629
76 84 120.262229187086
76 86 90.3435194382113
79 84 13.1650122589463
79 91 4.70260867608045
79 100 11.0327904217217
81 84 27.0044292051258
81 86 19.8303414679576
81 97 6.49632664937272
82 84 11.2403474578397
83 84 10.2855532324573
83 87 11.3519453048411
83 100 15.4280176731327
84 86 5.79107142857143
84 87 24.7969279207914
84 88 18.993632388853
84 89 13.3438680600445
84 94 43.3303000245217
84 96 21.4388336361666
84 97 23.1415677947996
84 99 18.7110905050576
84 100 14.5498235363476
84 101 41.106832413864
86 89 9.88037599655247
86 93 15.5762446773754
86 97 17.5132801128639
86 100 15.6429196897015
86 101 29.8903664308035
87 98 6.87182300368149
88 89 2.01666666666667
90 91 9.00300771485585
90 99 15.6139319885165
91 98 14.013649282876
91 100 15.3269584173597
93 94 10.3309627329193
93 99 28.8875825811174
93 102 102.373638989528
94 95 4.73452380952381
94 96 25.0596960305078
94 101 24.4542639818502
94 102 99.3731121303799
95 102 73.0708995960026
96 97 2.88856329989566
96 100 6.38911667593622
98 100 11.3135722900424
99 100 10.2933696121941
100 101 11.9501832237675
103 104 8.76328357419509
