0.00332225913621262
0.00291545189504373
0.00297619047619048
0.00357142857142857
0.0037593984962406
0.00342465753424658
0.00364963503649635
0.00392156862745098
0.00363636363636364
0.00390625
0.00327868852459016
0.00347222222222222
0.00366300366300366
0.00327868852459016
0.00380228136882129
0.00280898876404494
0.00268096514745308
0.00285714285714286
0.00303951367781155
0.00348432055749129
0.00366300366300366
0.00284900284900285
0.00333333333333333
0.00286532951289398
0.00343642611683849
0.00308641975308642
0.00341296928327645
0.00319488817891374
0.00328947368421053
0.00335570469798658
0.00398406374501992
0.00367647058823529
0.00277777777777778
0.0028328611898017
0.0023094688221709
0.00293255131964809
0.00274725274725275
0.00280898876404494
0.00277777777777778
0.00292397660818713
0.00343642611683849
0.00313479623824451
0.0028735632183908
0.00277777777777778
0.00289017341040462
0.00307692307692308
0.0032258064516129
0.00337837837837838
0.00325732899022801
0.00392156862745098
0.00333333333333333
0.00342465753424658
0.00343642611683849
0.00357142857142857
0.00286532951289398
0.00298507462686567
0.00295857988165681
0.00326797385620915
0.00396825396825397
0.0024390243902439
0.00263852242744063
0.00267379679144385
0.0026525198938992
0.00242130750605327
0.00342465753424658
0.00309597523219814
0.00357142857142857
0.00306748466257669
0.003125
0.00301204819277108
0.00315457413249211
0.0036101083032491
0.00378787878787879
0.00336700336700337
0.00327868852459016
0.00353356890459364
0.00381679389312977
0.00366300366300366
0.00295857988165681
0.00315457413249211
0.00307692307692308
0.0028735632183908
0.00327868852459016
0.00323624595469256
0.0034965034965035
0.00342465753424658
0.00338983050847458
0.00289017341040462
0.0029673590504451
0.0029940119760479
0.00294985250737463
0.00298507462686567
0.00289017341040462
0.00333333333333333
0.00303951367781155
0.00294985250737463
0.00288184438040346
0.00276243093922652
0.00257731958762887
0.00317460317460317
0.0028328611898017
0.00274725274725275
0.00316455696202532
0.00234192037470726
0.0025706940874036
