0 1 0.75
0 2 0.5
0 3 0.333333
0 4 0.5
0 5 0.833333
0 6 0.5
1 3 0.5
1 5 0.75
1 6 0.5
2 4 0.5
2 5 0.75
2 7 0.25
3 5 0.285714
3 8 0.565217
3 9 0.4375
3 10 0.466667
3 11 0.666667
3 12 0.478261
3 13 0.307692
3 14 0.666667
3 15 0.6
3 16 0.666667
3 17 0.6
3 18 0.333333
3 19 0.2
3 20 0.4
3 21 0.8
3 22 0.428571
3 23 0.444444
3 24 0.555556
3 25 0.4
3 26 0.444444
3 27 0.444444
4 5 0.428571
4 6 0.375
4 28 0
4 29 0.25
4 30 0.125
4 31 0.125
5 6 0.571429
5 7 0.285714
6 7 0.125
6 10 0.0909091
6 12 0.181818
6 18 0.333333
6 22 0.142857
6 25 0.2
6 29 0.25
7 14 0.125
7 30 0.125
7 58 0.375
7 71 0
7 85 0.2
8 9 0.5625
8 10 0.466667
8 11 0.666667
8 12 0.56
8 13 0.615385
8 14 0.555556
8 20 0.5
8 21 0.8
8 22 0.428571
8 23 0.666667
8 24 0.666667
8 26 0.666667
8 27 0.666667
8 32 0.8
8 33 0.555556
8 35 0.5
8 37 0.428571
8 40 0.666667
8 41 0.5
8 42 0.5
8 43 0.6
8 44 0.8
8 45 0.666667
8 46 0.25
9 11 0.5625
9 12 0.4375
9 14 0.444444
9 20 0.6
9 24 0.555556
9 27 0.555556
9 41 0.5
9 45 0.5
9 47 0.375
9 48 0.5
9 49 0.25
9 50 0.333333
9 51 0.166667
9 52 0.2
10 11 0.266667
10 12 0.6
10 15 0.8
10 16 0.666667
10 19 0.4
10 21 0.6
10 33 0.555556
10 35 0.4
10 37 0.571429
10 38 0.714286
10 39 0.5
10 55 0.75
11 12 0.444444
11 13 0.461538
11 14 0.555556
11 17 0.8
11 20 0.3
11 21 0.6
11 22 0.285714
11 26 0.555556
11 27 0.444444
11 29 0.25
11 45 0.666667
11 47 0.388889
11 50 0.333333
11 56 0
12 13 0.615385
12 14 0.444444
12 15 0.6
12 17 0.8
12 18 0.666667
12 23 0.666667
12 24 0.555556
12 32 0.8
12 33 0.777778
12 36 0.4
12 38 0.428571
12 39 0.5
12 40 0.444444
12 41 0.75
12 44 0.6
12 46 0.5
12 47 0.666667
12 54 0.666667
12 55 0.5
13 17 0.8
13 29 0.25
13 32 0.4
13 40 0.384615
13 42 0.666667
13 43 0.4
13 44 0.6
13 47 0.384615
13 57 0
14 25 0.2
14 26 0.333333
14 58 0.111111
15 16 0.666667
15 55 0.5
17 47 0.6
19 55 0.25
19 56 0
19 77 0
20 24 0.555556
20 40 0.3
20 48 0.75
20 49 0.375
20 53 0.4
20 57 0.4
21 23 0.4
22 25 0.6
22 40 0.285714
22 52 0
23 27 0.444444
23 32 0.6
23 33 0.444444
23 47 0.444444
23 54 0.5
24 26 0.555556
24 40 0.666667
24 47 0.444444
24 53 0.6
25 40 0.2
26 40 0.555556
26 45 0.666667
26 47 0.444444
26 53 0.4
27 40 0.444444
27 41 0.625
27 47 0.666667
27 54 0.666667
28 66 0.333333
28 72 0.333333
30 31 0.636364
30 58 0.153846
30 66 0.5
30 67 0.166667
30 70 0.285714
30 73 0.5
30 74 0.5
30 75 0.625
30 76 0.615385
30 77 0.571429
30 79 0.375
30 80 0.25
30 82 0.666667
30 83 0.5
30 84 0.5
30 86 0.357143
30 93 0.571429
30 99 0.416667
31 49 0.125
31 73 0.363636
31 74 0.545455
31 75 0.727273
31 76 0.454545
31 77 0.428571
31 78 0.4
31 82 0.555556
31 91 0.25
32 33 0.6
33 37 0.571429
33 38 0.571429
33 39 0.375
33 47 0.333333
34 35 0.8
34 36 0.2
34 37 0.4
34 38 0.6
34 39 0.4
35 36 0.2
35 37 0.571429
35 38 0.571429
35 39 0.5
35 40 0.3
35 43 0.2
35 44 0.4
36 41 0.4
36 47 0.4
37 38 0.571429
37 47 0.142857
38 39 0.714286
39 40 0.375
39 42 0.166667
40 41 0.625
40 42 0.666667
40 44 0.8
40 45 0.5
40 47 0.5
40 53 0.6
40 54 0.666667
41 47 0.75
41 54 0.666667
42 43 0.4
42 47 0.333333
43 56 0
45 47 0.666667
46 47 0.25
46 102 0
47 54 0.833333
48 49 0.75
48 57 0.5
49 57 0.4
49 58 0
49 72 0.125
49 76 0.25
50 58 0
51 52 0.6
51 58 0.666667
51 64 0.666667
51 65 0.5
51 69 0.6
52 58 0.4
52 64 0.4
53 76 0
56 57 0
58 64 0.555556
58 65 0.714286
58 68 0.5
58 69 0.6
58 77 0.142857
58 85 0.4
59 60 0.6
59 61 0
59 62 0.6
59 63 0.75
59 99 0.6
60 62 0.666667
60 63 0.75
60 84 0.5
60 86 0.166667
60 99 0.666667
61 86 0.25
61 95 0
61 101 0.25
62 63 0.75
62 84 0.5
62 99 0.833333
62 100 0.333333
63 99 0.75
64 65 0.714286
64 66 0.222222
64 67 0.333333
64 68 0.5
64 69 0.6
64 70 0.142857
65 67 0.166667
65 68 0.5
65 69 0.6
65 85 0.2
66 67 0.333333
66 70 0.571429
66 72 0.571429
66 73 0.52381
66 74 0.375
66 76 0.307692
66 80 0.5
66 84 0.571429
66 85 0.2
66 86 0.642857
66 88 0.8
66 89 0.833333
66 90 0.6
66 93 0.571429
66 96 0.666667
66 97 0.666667
66 99 0.583333
66 100 0.416667
67 103 0.5
67 104 0.333333
68 71 0
69 104 0
70 71 0.285714
70 72 0.571429
70 75 0.428571
70 90 0.4
71 72 0.6
71 73 0.333333
71 74 0.4
71 75 0.666667
71 76 0.384615
71 77 0.285714
71 78 0.6
71 79 0.375
71 80 0.25
71 81 0
71 82 0.555556
71 83 0.375
72 73 0.428571
72 74 0.6875
72 75 0.6875
72 76 0.538462
72 78 0.6
72 79 0.625
72 80 0.5
72 82 0.666667
72 84 0.5
72 85 0.2
72 86 0.357143
72 87 0.4
72 88 0.8
72 89 0.833333
72 90 0.6
72 91 0.5
72 92 0.666667
73 74 0.625
73 75 0.5625
73 82 0.777778
73 83 0.625
73 84 0.666667
73 86 0.571429
73 89 0.666667
73 92 0.666667
73 93 0.714286
73 94 0.571429
73 95 0.25
73 96 0.833333
73 97 0.666667
73 98 0.4
73 99 0.5
73 100 0.583333
74 75 0.625
74 78 0.8
74 79 0.75
74 82 0.777778
74 84 0.625
74 87 0.6
74 88 0.6
74 91 0.625
74 98 0.6
74 99 0.333333
75 76 0.615385
75 77 0.571429
75 78 0.8
75 79 0.75
75 82 0.888889
75 83 0.625
75 84 0.5
75 91 0.5
75 92 0.666667
76 77 0.571429
76 82 0.666667
76 83 0.5
76 84 0.538462
76 86 0.307692
79 84 0.625
79 91 0.5
79 100 0.25
81 84 0.5
81 86 0.5
81 97 0.5
82 84 0.666667
83 84 0.75
83 87 0.2
83 100 0.25
84 86 0.785714
84 87 0.6
84 88 0.8
84 89 0.833333
84 94 0.428571
84 96 0.833333
84 97 0.833333
84 99 0.583333
84 100 0.75
84 101 0.6
86 89 0.666667
86 93 0.428571
86 97 0.666667
86 100 0.333333
86 101 0.6
87 98 0.2
88 89 0.6
90 91 0.2
90 99 0.2
91 98 0.4
91 100 0.25
93 94 0.285714
93 99 0.428571
93 102 0.25
94 95 0.5
94 96 0.333333
94 101 0.2
94 102 0.5
95 102 0.25
96 97 0.5
96 100 0.5
98 100 0.4
99 100 0.333333
100 101 0.4
103 104 0.5
