0.00782656561580112
0.00551017881621248
0.00566693441783344
0.0242314409368987
0.00988248187851632
0.00886257521129831
0.0129562439413827
0.00944391510912883
0.0249941433286245
0.0168093512506075
0.0163261961997168
0.018713369484522
0.0255913287456575
0.013945963030577
0.00975790077157446
0.00651062727091905
0.00435603895636657
0.00585432375220487
0.00419535068424012
0.00655554142911611
0.0109250613210072
0.00589765849467603
0.00805811681614339
0.00968758315271803
0.00949368759655765
0.00608807808701064
0.00954894124633888
0.00946984240220714
0.00422892192868397
0.00527528775397217
0.020229729726545
0.0114481861315603
0.00589767872153841
0.00976670899042487
0.00632667733869591
0.011163157628646
0.00610764683031854
0.00799829324222525
0.00809822440455456
0.00900103913140857
0.0182703695171011
0.00865851884331672
0.00694781073080938
0.00631682406901417
0.00587196475587292
0.00668426693099875
0.00525197098932923
0.0183091563800289
0.00533314482420179
0.00910334464757251
0.00420225124111405
0.00787876596452407
0.00648025187968981
0.00587566114406247
0.0067553231472447
0.00544507640291371
0.00561627648492988
0.00656303546677444
0.0152481761828034
0.00697153222949742
0.0076017814300935
0.00584634112383643
0.00759885975573141
0.00570255275851278
0.0112981066503952
0.00936171326580848
0.0218659445163689
0.00884726179161131
0.00551110026874208
0.0073807995430924
0.00785401100112099
0.0155595852578737
0.0223956548674637
0.0212570424695044
0.015987964236416
0.0159571450967971
0.0131104472652347
0.00787106040114477
0.00575728442322318
0.00841873872289599
0.00492038157374928
0.00506691409817696
0.00919147638681107
0.00850264736723856
0.0231840757185958
0.00631609981245703
0.0149479226734474
0.00591902318077482
0.00584809959930853
0.00679784450725686
0.00599330993078645
0.00870874054503069
0.00400198552712873
0.00817098460703551
0.00869113280020333
0.00582556931632056
0.00698267476383457
0.00700431241411309
0.00597409062202907
0.0132056002296696
0.0127654146324802
0.00639484287353871
0.00583009157154387
0.0043171841097053
0.00577147268466683
