39.8116237950223
0.26195652173913
2.78904428904429
407.553615522262
337.044879183287
68.9888220427718
301.528547147647
368.08823390183
401.205128352535
527.003123111235
180.668053302767
156.837951495042
510.221561390004
96.5490017597329
315.161612839503
4.1169527814081
0
0.65511767925561
0.26195652173913
195.707847933049
140.480254364319
0.665909090909091
38.3348085917676
10.4333868944283
26.5584332726698
4.47263832341063
32.0069267292803
15.4754313361435
20.5601461978935
51.9135128446101
747.045660411222
170.545312839453
0.976190476190476
7.18366291848952
1.2
44.7366053136039
16.5767822179362
19.4894833415962
14.0960686705889
32.8022805575293
247.635329746685
17.6897558077692
3.78998712237149
8.96070261437909
1.06517273576097
1.27061441310667
228.946298617945
148.52550077225
1.33846708846709
555.145166271171
17.8264871354292
109.12123777619
71.3731553962173
292.990804500393
0.956212306279119
6.52007627294433
18.933499056966
59.284004827985
403.155527076766
4.96785714285714
15.7589652450392
11.8546927015487
12.0489631420001
0
151.894919289822
23.6845622969659
349.287063384874
157.551558274703
9.70845324266377
56.3448882268524
19.6900097874899
209.9274837017
487.043710568
231.368095125082
81.8963198214396
82.2184516882905
430.097556411797
218.879287414968
0.534635217723453
9.5731584574655
0.670862470862471
3.97167064662074
3.87551420884673
21.149445382188
310.109723303115
42.0819850272231
185.298749796729
5.31408490844339
0.2
0.816666666666667
5.54551142960099
21.2152629725528
0
81.378712480111
68.7054078035899
38.0657256033286
3.96180695995885
3.34738774297598
1.94338943747447
212.637798681138
38.1281913700991
5.04903731085685
219.569294247818
0
8.09661690752842
