0 1 0.888889
0 2 0.6
0 3 1
0 4 1
0 5 0.75
0 6 0.75
0 7 1
0 8 0.4
0 10 1
0 11 1
0 12 1
0 13 0.8
0 17 1
0 19 0.666667
0 21 1
0 31 0.166667
1 2 0.555556
1 3 0.833333
1 7 1
1 13 0.8
1 17 1
1 19 0.666667
1 21 1
1 30 0.25
2 3 0.833333
2 7 1
2 8 0.6
2 9 0.5
2 13 0.8
2 27 0.25
2 28 0.333333
2 32 0.2
3 7 1
3 12 1
3 13 0.8
4 6 0.666667
4 10 0.666667
5 6 0.75
5 10 0.666667
5 16 1
6 16 1
8 30 0.75
8 32 0.8
8 33 0.6
9 33 0.5
13 33 0.2
14 32 1
14 33 1
15 32 1
15 33 1
18 32 1
18 33 1
19 33 0.333333
20 32 1
20 33 1
22 32 1
22 33 1
23 25 0.333333
23 27 0.5
23 29 0.75
23 32 0.6
23 33 0.8
24 25 0.666667
24 27 0.333333
24 31 0.666667
25 31 0.666667
26 29 1
26 33 1
27 33 0.5
28 31 0.666667
28 33 0.666667
29 32 0.75
29 33 1
30 32 0.75
30 33 0.75
31 32 0.333333
31 33 0.5
32 33 0.916667
