0.0172413793103448
0.0147058823529412
0.0169491525423729
0.0140845070422535
0.0114942528735632
0.0116279069767442
0.0116279069767442
0.0133333333333333
0.015625
0.0131578947368421
0.0114942528735632
0.0111111111111111
0.0112359550561798
0.015625
0.0112359550561798
0.0112359550561798
0.00862068965517241
0.0113636363636364
0.0112359550561798
0.0151515151515152
0.0112359550561798
0.0113636363636364
0.0112359550561798
0.0119047619047619
0.0113636363636364
0.0113636363636364
0.010989010989011
0.0138888888888889
0.0136986301369863
0.0116279069767442
0.0138888888888889
0.0163934426229508
0.015625
0.0166666666666667
