0.155423297646605
0.279535108024691
0.185176639660494
0.396659647205075
0.529417438271605
0.477484809027778
0.477484809027778
0.442711588541667
0.30360071366782
0.5
0.529417438271605
1
0.622504340277778
0.323335416666667
0.573679594386774
0.573679594386774
0.78125
0.590868537808642
0.573679594386774
0.373719350137174
0.573679594386774
0.590868537808642
0.573679594386774
0.305823721645521
0.459876543209876
0.459876543209876
0.670901816608997
0.285069204152249
0.386913153060788
0.449409001345636
0.346006463860054
0.244575403690888
0.249223362275193
0.156418685121107
