0 1 14.1666666666667
0 2 43.6388888888889
0 3 11.5
0 4 29.3333333333333
0 5 43.8333333333333
0 6 43.8333333333333
0 7 12.802380952381
0 8 41.6484126984127
0 10 29.3333333333333
0 11 33
0 12 26.1
0 13 23.7706349206349
0 17 22.5095238095238
0 19 25.7706349206349
0 21 22.5095238095238
0 31 71.3928571428571
1 2 13.0333333333333
1 3 4.33333333333333
1 7 4.16428571428571
1 13 6.95952380952381
1 17 10.4904761904762
1 19 8.20952380952381
1 21 10.4904761904762
1 30 18.1095238095238
2 3 12.5833333333333
2 7 14.1452380952381
2 8 5.14761904761905
2 9 17.2809523809524
2 13 4.28095238095238
2 27 23.1087301587302
2 28 12.7809523809524
2 32 38.7015873015873
3 7 1.88809523809524
3 12 6.9
3 13 8.37142857142857
4 6 2.66666666666667
4 10 1.66666666666667
5 6 1.66666666666667
5 10 2.66666666666667
5 16 16.5
6 16 16.5
8 30 5.5
8 32 17.0777777777778
8 33 22.6849206349206
9 33 16.6142857142857
13 33 38.0492063492063
14 32 13.5111111111111
14 33 19.4888888888889
15 32 13.5111111111111
15 33 19.4888888888889
18 32 13.5111111111111
18 33 19.4888888888889
19 33 33.3134920634921
20 32 13.5111111111111
20 33 19.4888888888889
22 32 13.5111111111111
22 33 19.4888888888889
23 25 11.0944444444444
23 27 5.91111111111111
23 29 3.73333333333333
23 32 12.5333333333333
23 33 18.3277777777778
24 25 2.36666666666667
24 27 10.4666666666667
24 31 22.5
25 31 23.5944444444444
26 29 2.54285714285714
26 33 30.4571428571429
27 33 17.097619047619
28 31 8.33333333333333
28 33 13.7809523809524
29 32 13.0873015873016
29 33 16.7222222222222
30 32 9.56666666666667
30 33 15.0428571428571
31 32 23.2444444444444
31 33 29.9539682539683
32 33 4.61428571428571
