0.0969972853882948
0.0528769240611457
0.057078509488462
0.0358598577864114
0.0219779523645895
0.0291111546783702
0.0291111546783702
0.0244904970352824
0.029766056081017
0.0143093971290329
0.0219779523645895
0.00956474549213552
0.0146448920118771
0.0295364561519137
0.0145359939979213
0.0145359939979213
0.0167840054441897
0.0145586772090215
0.0145359939979213
0.0196046363256528
0.0145359939979213
0.0145586772090215
0.0145359939979213
0.031522514776678
0.0210760335592228
0.021006197394493
0.0150440380827255
0.025639767482848
0.0195734594638285
0.0262885376951149
0.0245901552485801
0.0371580870691453
0.0716932260057545
0.100919182332626
