0 1 0.777778
0 2 0.5
0 3 0.833333
0 4 0.666667
0 5 0.5
0 6 0.5
0 7 0.75
0 8 0.2
0 10 0.666667
0 11 0
0 12 0.5
0 13 0.6
0 17 0.5
0 19 0.333333
0 21 0.5
0 31 0
1 2 0.444444
1 3 0.666667
1 7 0.75
1 13 0.6
1 17 0.5
1 19 0.333333
1 21 0.5
1 30 0
2 3 0.666667
2 7 0.75
2 8 0.4
2 9 0
2 13 0.6
2 27 0
2 28 0
2 32 0.1
3 7 0.75
3 12 0.5
3 13 0.6
4 6 0.333333
4 10 0.333333
5 6 0.5
5 10 0.333333
5 16 0.5
6 16 0.5
8 30 0.5
8 32 0.6
8 33 0.4
9 33 0
13 33 0
14 32 0.5
14 33 0.5
15 32 0.5
15 33 0.5
18 32 0.5
18 33 0.5
19 33 0
20 32 0.5
20 33 0.5
22 32 0.5
22 33 0.5
23 25 0
23 27 0.25
23 29 0.5
23 32 0.4
23 33 0.6
24 25 0.333333
24 27 0
24 31 0.333333
25 31 0.333333
26 29 0.5
26 33 0.5
27 33 0.25
28 31 0.333333
28 33 0.333333
29 32 0.5
29 33 0.75
30 32 0.5
30 33 0.5
31 32 0.166667
31 33 0.333333
32 33 0.833333
