DataAll
34
78
0 1
0 2
0 3
0 4
0 5
0 6
0 7
0 8
0 10
0 11
0 12
0 13
0 17
0 19
0 21
0 31
1 2
1 3
1 7
1 13
1 17
1 19
1 21
1 30
2 3
2 7
2 8
2 9
2 13
2 27
2 28
2 32
3 7
3 12
3 13
4 6
4 10
5 6
5 10
5 16
6 16
8 30
8 32
8 33
9 33
13 33
14 32
14 33
15 32
15 33
18 32
18 33
19 33
20 32
20 33
22 32
22 33
23 25
23 27
23 29
23 32
23 33
24 25
24 27
24 31
25 31
26 29
26 33
27 33
28 31
28 33
29 32
29 33
30 32
30 33
31 32
31 33
32 33
22
66.008614
14.650496
8.732137
7.138192
4.948626
4.140281
3.683483
3.222412
2.861021
2.352786
2.179692
2.092431
2.000006
2.000004
2.000001
1.999998
1.999992
1.999992
1.513180
0.900558
0.773188
0.199091
1.070932 0.172458 -0.004869 0.105889 0.067681 0.106392 0.030637 0.041039 0.081617 0.019793 -0.083846 -0.048985 0.000000 0.000000 -0.000000 -0.000001 0.000000 0.000000 -0.055392 0.043176 0.030930 -0.108498
0.732844 -0.754024 -0.672584 0.306240 -0.045901 -0.572493 -0.315409 -0.330040 0.073371 -0.116748 0.051908 0.157368 -0.000001 0.000000 0.000000 0.000001 -0.000000 -0.000000 0.022652 -0.045013 0.121073 0.139302
0.100582 -0.397694 -0.309355 -1.041229 0.105042 -0.016572 -0.179297 0.349769 -0.117167 0.333506 -0.058203 0.137447 -0.000001 -0.000000 0.000000 0.000001 0.000000 -0.000001 0.155300 0.328676 0.251407 0.090101
0.708247 -0.570206 -0.453068 -0.223776 0.723714 -0.126035 0.221978 -0.070422 -0.636324 -0.218189 0.080350 -0.062902 0.000000 0.000001 -0.000000 -0.000001 -0.000001 0.000000 -0.010132 -0.385343 -0.099665 0.116386
1.816294 0.120778 0.332692 -0.032051 0.044112 0.123197 0.066586 0.093074 0.248258 0.299453 0.805102 -0.023869 0.668098 -0.160115 -0.003632 -0.133124 0.039865 0.093189 0.010814 -0.067319 -0.020543 0.014744
1.881330 0.135519 0.663228 -0.174780 -0.155962 -0.158226 -0.069831 -0.061910 -0.132037 -0.139366 -0.392915 -0.010224 -0.668099 0.160115 0.003632 0.133124 -0.039866 -0.093190 -0.022166 0.037294 0.016363 -0.029055
1.881330 0.135519 0.663228 -0.174780 -0.155962 -0.158225 -0.069830 -0.061910 -0.132038 -0.139366 -0.392915 -0.010214 0.668099 -0.160114 -0.003631 -0.133122 0.039867 0.093193 -0.022166 0.037294 0.016363 -0.029055
0.812606 -0.472620 -0.859149 -1.091585 -0.272327 -0.147720 0.360422 -0.410781 0.233176 -0.049699 -0.007685 -0.115522 0.000001 0.000000 0.000000 -0.000001 -0.000000 0.000001 0.081240 -0.227373 -0.042203 -0.158949
-0.003770 -0.615513 0.406350 0.179599 -0.589290 0.369502 0.352169 0.822504 -0.166603 0.340508 -0.134804 -0.293129 0.000001 -0.000001 0.000000 -0.000001 -0.000001 0.000001 0.332131 0.084425 -0.196742 -0.041021
-0.685681 -0.621066 0.012019 -0.335314 0.466211 -0.222964 -0.015335 -0.238339 0.148989 0.669763 -0.222545 -0.599642 0.000004 -0.000000 0.000002 -0.000004 -0.000001 0.000003 -0.719441 0.106211 -0.019044 0.029325
1.816294 0.120778 0.332692 -0.032051 0.044112 0.123197 0.066585 0.093074 0.248258 0.299453 0.805101 -0.023880 -0.668100 0.160114 0.003631 0.133122 -0.039867 -0.093194 0.010814 -0.067319 -0.020543 0.014744
1.621248 0.065820 -0.440107 0.266213 0.434467 0.616783 0.296835 0.313136 0.679619 0.350155 -0.638969 0.506637 -0.000003 0.000000 0.000000 0.000003 0.000002 -0.000003 0.030798 -0.282637 -0.087164 0.075826
1.637845 -0.001791 -0.541056 0.200885 0.802629 0.528453 0.494618 0.226722 -0.428929 -0.577564 0.031772 -0.514151 0.000002 0.000000 -0.000001 -0.000003 -0.000001 0.000004 0.062016 0.243097 0.034696 -0.021115
0.067318 -0.681422 0.303977 0.089075 0.607847 -0.232966 0.053344 0.105281 -0.296871 -0.120942 0.186498 0.936591 -0.000006 0.000001 -0.000001 0.000005 0.000002 -0.000005 -0.212921 0.197106 -0.067113 -0.114915
-1.796317 -0.351418 0.131055 -0.236217 -0.091846 0.302952 -0.137354 -0.048994 0.069171 -0.137956 0.034444 0.058693 0.212031 0.720293 0.943600 0.062730 0.263750 -0.268963 -0.046399 0.019344 -0.028960 -0.031286
-1.796316 -0.351418 0.131055 -0.236217 -0.091846 0.302952 -0.137354 -0.048996 0.069171 -0.137957 0.034442 0.058693 -0.191616 -1.054883 0.520913 0.275406 -0.303795 0.104967 -0.046400 0.019344 -0.028960 -0.031286
2.775262 0.124318 1.483478 -0.488915 -0.393293 -0.401549 -0.153101 -0.126303 -0.218297 -0.103207 -0.143517 0.000843 0.000000 0.000000 -0.000000 -0.000000 0.000000 0.000000 0.010703 -0.076678 -0.030184 0.052585
1.616210 -0.182510 -0.811514 0.695135 -0.371515 -0.083146 -0.243348 -0.020846 -0.021137 0.064616 -0.007950 0.052023 -0.233359 -0.026034 0.239737 -0.841737 0.031310 0.421767 -0.079001 0.199635 0.047639 -0.042066
-1.796316 -0.351417 0.131055 -0.236218 -0.091846 0.302952 -0.137354 -0.048994 0.069171 -0.137952 0.034446 0.058696 -0.019476 0.276949 -0.450346 0.397276 0.311826 1.032007 -0.046399 0.019343 -0.028960 -0.031286
0.048364 -0.566655 0.473855 0.458370 0.186249 -0.133023 0.015315 -0.237496 1.015790 -0.611252 0.001612 -0.273112 0.000002 0.000001 -0.000001 -0.000001 -0.000000 0.000003 0.234372 0.119793 0.118417 0.057074
-1.796317 -0.351418 0.131055 -0.236217 -0.091846 0.302952 -0.137355 -0.048995 0.069171 -0.137955 0.034440 0.058696 0.108197 0.333895 -0.451456 -0.322766 -1.056664 -0.228632 -0.046400 0.019344 -0.028960 -0.031286
1.616210 -0.182510 -0.811514 0.695136 -0.371515 -0.083145 -0.243347 -0.020846 -0.021138 0.064615 -0.007949 0.052011 0.233359 0.026034 -0.239736 0.841738 -0.031309 -0.421767 -0.079002 0.199635 0.047639 -0.042066
-1.796317 -0.351418 0.131055 -0.236217 -0.091846 0.302951 -0.137355 -0.048997 0.069171 -0.137955 0.034441 0.058690 -0.109137 -0.276254 -0.562712 -0.412643 0.784885 -0.639379 -0.046399 0.019344 -0.028960 -0.031286
-1.891241 0.799574 -0.184583 -0.179971 -0.075939 -0.743252 0.397140 0.327907 0.168592 -0.116769 0.011729 0.041122 -0.000000 -0.000000 -0.000000 0.000000 0.000000 -0.000000 -0.032623 0.168040 -0.256102 0.094384
-0.258345 2.006346 -0.396011 -0.223081 0.046936 0.207359 -0.754730 0.320721 -0.066928 -0.006751 -0.007225 -0.040392 0.000000 -0.000000 0.000000 -0.000001 0.000000 0.000000 -0.015635 0.025922 0.213472 0.055292
-0.360531 2.131642 -0.219563 0.295686 -0.155108 -0.232938 0.576599 -0.280704 0.013674 -0.037101 0.020567 0.056168 -0.000000 0.000000 -0.000000 0.000000 -0.000000 -0.000000 -0.121508 0.034650 -0.188502 -0.023989
-1.865178 -0.128598 0.747067 1.159593 0.528609 -0.140908 -0.172977 0.083492 -0.253658 0.277224 -0.055663 -0.133571 0.000001 -0.000000 0.000000 -0.000001 -0.000001 0.000000 0.151247 -0.249403 0.259954 -0.043623
-0.760227 0.529392 -0.345941 -0.417652 0.359743 -0.628418 -0.598478 0.639419 0.171471 -0.166188 0.000653 -0.161139 0.000001 -0.000001 -0.000000 -0.000001 -0.000000 0.000001 0.133527 -0.296151 -0.017800 -0.138801
-0.710981 0.299961 -0.171049 -0.220590 0.285704 0.209037 -0.302288 -0.859219 -0.243148 0.402523 -0.063804 0.002881 0.000000 -0.000000 0.000000 0.000001 -0.000001 -0.000000 0.713329 0.131556 -0.205711 0.047372
-1.898427 0.149399 0.174848 0.193631 0.006923 -0.588794 0.918638 -0.118255 -0.039319 0.281360 -0.046176 0.077597 -0.000001 0.000000 0.000001 0.000001 0.000000 -0.000001 0.212083 0.051560 0.350463 -0.040267
-0.568694 -0.804189 -0.596599 0.697812 -0.923076 -0.255722 -0.174510 0.034717 -0.285370 0.029756 0.014212 -0.111229 0.000000 -0.000000 0.000000 -0.000001 -0.000000 0.000000 0.007790 -0.185085 -0.138795 0.001341
-0.048136 0.870968 0.204341 0.271980 -0.174547 0.659035 -0.025168 -0.572678 -0.136334 0.010236 -0.003218 0.010837 -0.000000 0.000000 0.000000 -0.000000 0.000000 0.000000 -0.236429 -0.119528 0.111056 -0.073844
-1.023681 0.035803 -0.069603 -0.305254 -0.752379 0.416831 0.416459 0.149315 -0.202806 -0.256164 0.079556 0.129917 -0.000001 0.000001 -0.000000 -0.000000 0.000000 -0.000001 -0.172166 -0.162679 0.266223 0.165629
-1.146444 0.037605 0.433520 0.506870 0.186068 0.051555 -0.262904 0.054550 -0.030564 -0.093879 0.006115 -0.032948 0.000000 0.000000 0.000000 0.000000 0.000000 0.000001 -0.158233 0.059730 -0.350762 0.109545
