0.952132366476657
0.71233513912022
0.849554200465303
0.565614306651434
0.203471480816697
0.212883828873369
0.21288382887337
0.457890933763094
0.60906844193372
0.274998115491665
0.203471480816697
0.141566333343369
0.225663824720015
0.606574392416256
0.271593956715582
0.271593956715582
0.063304607936441
0.247478785547945
0.271593956715582
0.396162244201108
0.271593956715582
0.247478785547946
0.271593956715582
0.402070860719063
0.152806701996382
0.1585759712126
0.202428516719291
0.357499230645235
0.351072971550696
0.3614730149068
0.468064811423356
0.511656486526131
0.826658857520502
1
